public/data/weather/current/set-grid-wind-0.25.json
{"header": { "parameterCategory": 2, "parameterNumber": 3, "nx": 277, "ny": 139, "lo1": 91.5, "la1": 19.5, "lo2": 160.5, "la2": 54.0, "dx": 0.25, "dy": 0.25, "refTime": "2025-06-30T12:00:00Z", "surface1Type": 100, "surface1Value": 100000.0, "forecastTime": 0, "scanMode": 0 }, "data":
[rows 114 to 132 of 139, columns 172 to 214 of 277]
1.6621275868856968,1.8292183661579124,1.7383746707971754,2.0696296039144038,2.3282885046809443,2.2751472600631057,2.5817723046278642,2.2753839582670357,1.9269480444804643,1.757423307051167,1.3239800319733654,0.6859556178266041,-0.17414158866518337,-0.9368504459323018,-1.47458409871438,-1.3451993153144082,-1.2714953156899516,-1.2546985779679602,-0.0941406681015533,-3.9881518855702143,-4.196178434138842,-6.551079910009712,-6.279299958447812,-6.417684317050932,-4.761857883931969,-2.3688608629833734,-1.9619450191944938,0.9726085302117526,2.657538638641693,3.4028628612377774,4.847293164903562,4.301261148620912,3.202240328525267,-0.495927532595851,-0.5249446547952199,-0.47248489811936456,2.0528297171346805,2.9775718803552147,4.235752879090578,5.435264032265486,5.378392955945528,5.868434139676738,5.983784391655847
0.6298397891912119,1.0997385935592334,0.8401576253285759,1.1895924313550281,1.6982493450743166,1.5768670991869778,1.9074862967214248,2.0302008275875925,1.9077322277743178,1.6678139841238069,1.4262939891000899,1.2870879512030973,-0.21188119873698558,-0.6710023244762675,-1.6511824381108404,-1.5325279256014805,-1.149747823645975,-0.8524064121846746,0.037296794599878426,-1.9168081331972187,-3.759112382336372,-4.996556045512586,-4.904850734562321,-5.646401401561845,-5.39612183154021,-4.485944253974094,-3.810054933801114,-0.5443454737062546,0.5272596860222374,2.6118806070357734,3.62431845792158,3.4137816018254035,1.5138083814482703,-0.09354866218265474,-1.2985268354003836,-0.8674573557274718,0.7716308077186267,1.1295200617486714,2.3104291656330287,2.6200378767216317,3.0735322806486143,3.689598571043625,3.6195039938260143
-0.6837968565665489,-0.027439530896336755,-0.4982603296816948,-0.04416319060706057,0.7158343207031664,0.49341680764224327,0.9294787911142267,1.4298212150610912,1.3297840264814544,1.27438422695077,1.2573594770733825,1.0714002151692876,0.3251412671024532,0.11590478487505752,-1.0025930307188584,-1.1592275324760444,-0.9425616411077942,-0.13154970352754336,-0.01717265613661047,0.04273494051783353,-1.9158943457487856,-3.2031986413294713,-2.697145532727042,-5.1162677638918455,-5.500784558806062,-6.368739387571679,-6.082779089223289,-4.373746254707583,-2.6160350278822624,1.1923794602664752,1.4823909823005106,1.6757530413026875,0.2237373871938124,-0.7429817911986415,-1.7310619712941668,-1.1972622096658276,-0.743664379740181,-0.9079804707799292,-0.368897027035575,-0.33907397166060155,-0.2010127602540518,0.08160372625397973,0.4358048417323765
-1.799274417553914,-1.439070328872144,-1.6392199423494376,-1.14331758405952,-0.6627432684149502,-0.525438825465745,0.09218453683302676,0.4210356113431818,0.6972268388126327,0.8705399963230405,0.829154765765286,0.7878347970735168,0.48309828313656794,0.33631878523373365,-0.05482354049366561,-0.4509964914925943,-0.1389384015080727,0.27596993154423455,0.09449592523300256,0.02469050029138359,-1.1785971015951822,-1.4819613346090854,-0.7768467034333438,-3.6717079065152354,-5.122009252220516,-7.750114725186081,-7.361573080809298,-8.251825428018526,-4.645724538427098,-1.3387440361497742,-0.5628870302887004,-0.5261393304238242,-0.8497649388797024,-1.371053918511557,-1.8240494375105658,-1.5981511815311311,-1.6410456462335938,-1.695996316116107,-2.538962831334798,-3.0634497164764993,-2.2874794080788607,-3.5979757475060308,-2.906107848409721
-1.9605144328579813,-2.290347424688888,-2.166225644183386,-1.6691980710268695,-1.6980509848377026,-1.1589061573558836,-0.5339372552856267,-0.5350901453340233,-0.010089637837615503,0.4204450503588764,0.4008847925912043,0.36979737522805556,0.3653296479347328,0.2430932854395751,0.40137334314290324,-0.004041331413604257,0.2825358754789642,0.3749768678220484,0.24796496552866487,0.2813076857345133,-0.5554974359796712,-0.7692028920783447,-0.1476484607622037,-2.594468028909505,-5.640500019266883,-9.134018502078634,-9.02836499372519,-9.590279447255629,-5.882441024340911,-3.864058838731766,-2.344267069581071,-1.532003431260712,-1.7256038937772409,-2.210250990177189,-1.9215159534674306,-1.7302474327145374,-2.1089568383163004,-2.4263396144724783,-3.4740656889850263,-5.089198986525002,-4.777982694128854,-6.012547273670732,-5.200666447502919
-2.3082180485323276,-2.703313237966607,-2.215387839508748,-1.8416847830488672,-1.6404684386109838,-1.28758887293852,-1.0260726155938018,-1.0782509177388515,-1.0350208259520153,-0.9497780917356858,-0.6738922545612547,-0.26288721911467416,-0.7078074648252428,-0.30209914877388816,-0.049934619471558354,-0.24907805278369013,-0.33465761749960393,0.0937995445491799,0.24107938332509524,0.37587623162491324,-0.06679148731576938,-0.107234370588357,-0.3909661868147531,-0.9180157290936986,-6.887733162310653,-8.68311353638216,-10.027588944757198,-9.756544230031913,-7.176589493076043,-5.890783224855306,-1.7938038180399538,-1.1930285677368824,-1.0804389587253895,-0.9697214970704303,-0.9381736908163499,-1.4405950591520114,-2.415061573377273,-2.8305601947224956,-3.917859638758216,-4.739662762673492,-5.72270510824082,-7.015486486246282,-6.335508978444807
-2.371691430676675,-2.3895488796916915,-1.9723753760235887,-1.6048360169627096,-1.2905918028194274,-1.2608980307233855,-1.2045134164122084,-1.7166759796808149,-1.7541137141403933,-2.51064433678835,-2.508303358894857,-1.8009212391188913,-2.631573139347142,-1.120674099864376,-1.072810721353044,-1.5169078472220243,-1.2234467916859915,-0.7086407514915805,-0.20193668698009576,0.06454305677495162,0.019689625680037365,0.1958260022889945,-0.7862694379567343,-2.1636681293444444,-8.091313997213684,-9.020887779836343,-10.307044366225218,-8.945175065236478,-7.164702291410121,-4.878870063609314,-2.346180648190247,-0.36586806292147356,0.6316600278214165,0.5732372685270324,0.5791377464244726,-0.9104784168483101,-1.5667701238030909,-2.5629799522820162,-3.569908969403388,-4.2288873171699315,-5.517988347272525,-6.5272004371934,-7.048126478061394
-1.8785415213168482,-1.3707844510388534,-1.552617311007132,-1.3146921059589545,-0.9584219095293881,-1.1952104332179934,-1.3663113594012068,-2.497270114871273,-2.819859147763699,-4.208193614279431,-4.358605326793718,-3.8733165641797327,-3.8353242835747428,-2.1865749007644455,-1.603726318854218,-1.9188398876492687,-1.5484219170615583,-1.5029790718494145,-0.7799940613772031,-0.4155541550532586,-0.5312114605575242,-0.3860078232115345,-1.4251663081334294,-3.356376055395482,-6.816589757377824,-9.002079219524308,-10.07018012528714,-8.891176578080755,-7.6581745437186495,-3.5226491784533454,-1.8541305484074735,0.7666089413778953,1.1500472553773275,2.051872796932671,1.5347666060371936,0.08190921216137287,-0.3785605527047649,-3.1484603754431504,-3.6546044353149476,-4.245443961098306,-5.400430505262947,-6.01559373170359,-6.728065676174805
-1.6796902016247188,-0.892252412029399,-1.0931050921280965,-0.8344455533477587,-1.085855707808671,-1.6283679296386073,-2.5269308144324802,-4.69801401243464,-4.98656912793792,-5.453921269694999,-5.103647334573432,-5.498415407231579,-3.4543475717619647,-2.3797918135258254,-1.4984529680510654,-1.3425745843078605,-1.293576396520466,-1.224946316418243,-1.3123436750002342,-1.0531867141506546,-0.8412166577185567,-0.7997454656333526,-1.172011915969967,-4.253672392175277,-6.199760215739151,-8.738439233982422,-9.490421188633583,-8.442799489953876,-6.477149785974367,-4.104700090930637,-2.3143013083641963,1.1141597627400324,1.301480825538364,2.3715958682261085,2.1141146817337932,0.7665603468935673,-0.5760514323663167,-3.892023441394229,-3.9442181996823855,-4.366426822915421,-5.018772292850362,-5.406678308183209,-6.485308137766816
-1.6501240970417173,-0.8014836319055213,-0.9110161310068988,-0.802820134956734,-1.1980502019535635,-1.7054747630952853,-3.6901917487643137,-5.120895947685766,-6.974482081858343,-6.394154353487827,-5.683420785679371,-5.552460668976855,-3.466314098752068,-2.543736853724406,-1.3715717545005468,-1.2575030357008703,-1.058362768294203,-1.1532459689730779,-1.369740670934627,-1.6436323688305687,-0.9790341286963227,-1.107719614980267,-1.518072200662623,-3.587361357419661,-4.990339479421083,-8.09604632848542,-8.832972641415266,-8.912450407126794,-5.766187949234105,-4.333650288728197,-1.7359952428625207,-0.017238354770833537,0.5701204158099877,1.9417194572689438,1.652679985623576,1.4462689260454198,-1.744666006423516,-3.193225335005382,-3.863818099104945,-4.377266152353411,-4.901553535039869,-5.782505991311318,-6.23364366422702
-1.540350863303006,-1.0961633867485903,-0.9466556650372434,-1.301114245923774,-1.6699690138827605,-2.5107425937709436,-4.341410112983234,-5.5433948732288165,-8.013784432462602,-7.513035116702192,-6.2842166079676876,-4.782693073857563,-3.7354256402429384,-2.9572697481191836,-1.288392479872816,-1.2645540456835136,-1.2368331271850403,-1.3320686925190905,-1.39478992567522,-1.4307450048294037,-1.1812685994848322,-1.1340266649287702,-1.8344134023878385,-3.7076882119110603,-5.701289875925681,-7.944561773154669,-8.176792236793272,-8.435766193424818,-6.64322400484815,-5.7277178718855275,-2.0310942961748855,-0.8569299002868878,-0.5224570499149443,0.8426264282667159,1.1086168774461478,-0.14087765152358814,-1.7193124836819809,-3.2723937930988383,-3.9707660855291955,-4.783686903115712,-5.483949292618612,-5.842743653769671,-6.261775677379084
-1.231282501643532,-0.9597856044053726,-0.5519109248239954,-1.4852648321084458,-1.8437261573556665,-2.86134857564358,-3.966749229470159,-4.697488999783664,-7.274695193808371,-7.315149255380729,-7.157717455631625,-3.7326550571897914,-3.2698772868265134,-2.3415511630468093,-1.635143727631651,-1.2754875399753276,-1.3840504013095427,-1.387574809415464,-1.4466053344177592,-1.2357931921293484,-1.227866888867205,-1.301029426267559,-2.17230723747903,-3.6250510040289416,-6.081671776542477,-6.925604618041198,-7.493868339178334,-7.9368275580572565,-6.909370056389878,-6.122059889276859,-2.8369520934706896,-2.2494017616510567,-1.6049489183180619,-0.7150448341740345,-0.14126095005986572,-1.6982840601249722,-2.4968623655436044,-3.927297533887283,-4.629880982077284,-5.3027660819616305,-5.995093861287944,-6.122465088943203,-6.463127280008186
-0.5909598512496974,-0.5850019223318349,-0.20426031134043432,-1.0159491170789197,-1.3583222077878787,-2.8202082103677473,-3.501461239457433,-3.717426278534393,-4.588565054524749,-5.583328244871505,-4.846270424709037,-2.9271022190775735,-2.8373877967499004,-2.2645288593906256,-1.7977022362492565,-1.493434121725492,-1.317657440829689,-1.3877386021030587,-1.4953324065161424,-1.308167312077524,-1.193376337587081,-1.3287675627990052,-2.0132038634870786,-2.5385367901832,-4.9341750500049955,-6.18231658328931,-6.747487740284615,-7.206561357239706,-6.935368773377245,-6.26772468889492,-4.639889555077899,-3.6987761345285883,-2.420106983143859,-1.9565958965849264,-1.297236122352038,-1.8119399046308586,-2.642555384480181,-4.156342022399676,-4.738297722116691,-5.669880544298907,-5.86237279202072,-6.188895560707011,-6.370651003216325
-0.12288605750177076,-0.25810743777854406,-0.1842547907186353,-0.9411564377337355,-1.6232654054036515,-2.0864915450830996,-2.3672889153960117,-2.315358856356369,-2.498037143793183,-3.174671031090489,-2.7046098590860304,-2.8399182999561643,-2.888042821704889,-3.196688340248879,-2.6857969359295577,-2.2169920668832086,-1.6283464197879456,-1.3503897516509398,-1.5875794177719589,-1.4572470940564137,-1.475994552319758,-1.7568650500653853,-2.3100972770007155,-2.9719978167135404,-4.145325330583241,-5.504683388618184,-5.469446775986717,-5.675631802540416,-5.698336007091663,-5.907388666467994,-5.756105303417398,-3.836920265971501,-2.6470343979301076,-1.684075944674963,-1.5303320395310818,-1.609684051566244,-3.3152461253616625,-3.989558495817411,-4.497087339690894,-5.254196361926273,-5.595621201789019,-5.962744485480627,-5.995203164761534
-0.5067337424504901,-0.14028698056193528,-0.21230292561393202,-1.0012995239336018,-2.6017528687588407,-2.084696144843029,-1.5658440206871458,-1.8661128856100646,-2.0922863020048283,-1.9127088766112368,-1.9493303083919573,-2.277692906933324,-2.6637180546999955,-3.8124293193278116,-3.5318051003368858,-2.829743835445619,-2.2007280558550906,-1.4349800389171898,-1.760979492415452,-1.8544947754090142,-2.2005267905718164,-2.15190473945802,-2.498322377736859,-3.178510453852734,-3.1704450669962467,-3.8651146040229105,-4.554248149951069,-4.32818306984358,-4.442737286551203,-4.60738106643437,-4.782478518644641,-3.3953714443634295,-2.614608348592418,-1.3716478504450742,-1.4983064523365393,-1.8635911733188757,-3.484014047683072,-3.811156176109428,-4.707840523842821,-5.071720116092685,-5.25312346250896,-5.589139602438053,-5.55155085932457
-0.5496908416896857,-0.18677651595533204,-0.21635510173238778,-0.24998586362789924,-3.322675118171345,-2.3844487086101593,-1.7459748628161045,-1.8440083774826836,-1.8196361171041322,-1.6599641203312898,-1.7556997978028088,-1.6578049646851793,-2.0329939590507173,-2.8395019646104287,-2.673082615452756,-2.8042227933893273,-2.9098419292696076,-1.6567272392654193,-1.805644152091082,-1.9992257245923741,-2.787899277192712,-2.8022430358036705,-3.2109533009596127,-2.9496162948071336,-2.459385129609053,-2.0551146411487577,-2.647066345734699,-3.0054168985833107,-3.581691326402719,-3.2969197940736414,-4.028185292030513,-3.4893121460083347,-3.0443797016310614,-1.881227432709087,-1.2276547460511251,-1.939877627775263,-2.593719251826968,-3.063211637094408,-4.739565769691515,-4.790685942544152,-4.851892053359302,-5.032546052031457,-5.163118340977077
-0.5445275663611381,-0.11251569390981601,-0.25978074590369155,-0.4504714420688709,-2.6062084808525934,-2.2494779270454486,-1.7577765916735932,-1.7613568792513348,-1.6822856685977277,-1.3952064878246593,-1.5344830915387468,-1.452542988988772,-1.755203667601757,-2.0894561082373513,-1.8540918875380608,-2.416925221112057,-2.5924609824087828,-1.9535790329610456,-1.848086616282103,-1.88950850537241,-2.5785408693898195,-3.0582148256043373,-2.9842870961005765,-2.53997194813074,-1.6860124534845091,-1.571537595962975,-0.9734856932556579,-1.620596866006807,-2.2923145782264163,-2.652418077682154,-3.8726748783189873,-3.6339115506703252,-3.0886596802663835,-2.3349768039251253,-1.3462300353697303,-1.7246271193000409,-1.8877736947551294,-3.1451823546427966,-3.9250476414500293,-4.499565831033107,-4.625830698581269,-4.526034211351398,-4.911363953009253
-1.12517774025611,-0.13110739581769035,-0.3677855857407272,-0.7124686155007997,-1.7685653833969404,-1.755917817705835,-1.5180437527214334,-1.558733559647873,-1.3968000469708513,-1.0844055643728352,-1.1640662513315865,-1.1598014806410104,-1.608010687147309,-1.9090269131991595,-1.3166600718801478,-1.586170247173752,-1.6693002861210005,-1.788831364595307,-1.7436147747038742,-1.3909322162689268,-1.7182007195206568,-2.3218668632346144,-2.385102766612651,-2.044402539906894,-1.3588236343035875,-1.1617819753954342,-0.6678847462299156,-1.201011218350236,-1.314552042813985,-2.392173266358717,-3.16924696607193,-4.084999498087596,-3.3991497485697604,-3.0237900673553013,-1.6399268226040506,-1.8743743915401068,-2.110233873051154,-2.8570976127088827,-3.3158766104326984,-4.230322763774993,-4.3909393461159425,-4.316664575991566,-4.680263193467425
-2.1653090705419737,-0.44772063089313785,-0.5974949890198695,-0.7991115937737517,-1.3517537282767365,-1.4875842076595174,-1.184640599014727,-1.164231458415272,-1.0759804788322078,-1.0126536373262656,-0.8775748687737539,-0.9759507917489628,-1.4511500057679643,-1.7694885384076213,-1.3426480066231905,-0.9417954095818024,-0.8436884784312717,-0.9968636460897137,-0.9505117563057888,-0.9743023005879939,-0.581462929189266,-1.0240298604425035,-1.7676148125452513,-1.8937118105805992,-1.4338057899898153,-1.0488819250852588,-0.8102975146564797,-1.179900311415202,-1.502050253420217,-2.073787913767118,-2.327140221522419,-4.119782279408198,-3.520806494550825,-3.0434874556745166,-2.2353746764945828,-2.0227097512051815,-2.2784282901118753,-2.709464936784847,-3.3125834399863607,-3.940845779024803,-4.056322664923522,-4.200872434360315,-4.556529322843946
