public/data/weather/current/set-grid-wind-0.25.json
{"header": { "parameterCategory": 2, "parameterNumber": 2, "nx": 277, "ny": 139, "lo1": 91.5, "la1": 19.5, "lo2": 160.5, "la2": 54.0, "dx": 0.25, "dy": 0.25, "refTime": "2025-06-30T12:00:00Z", "surface1Type": 100, "surface1Value": 100000.0, "forecastTime": 0, "scanMode": 0 }, "data":
[rows 57 to 75 of 139, columns 0 to 42 of 277]
-0.8136798612476299,-0.8136798612476299,-0.8136798612476299,-0.8136798612476299,-0.8136798612476299,-0.8136798612476299,-0.8136798612476299,-0.8136798612476299,-0.8136798612476299,-0.8136798612476299,-0.8136798612476299,-0.8136798612476299,-0.8136798612476299,-0.8136798612476299,-0.8136798612476299,-0.8136798612476299,-0.8136798612476299,-0.8136798612476299,-0.8136798612476299,-0.8136798612476299,-0.8136798612476299,-0.8136798612476299,-0.8136798612476299,-0.8136798612476299,-0.8136798612476299,-0.8136798612476299,-0.8136798612476299,-0.8136798612476299,-0.8136798612476299,-0.8136798612476299,-0.8136798612476299,-0.8136798612476299,-0.8136798612476299,-0.8136798612476299,-1.2246388724354413,-1.2421185670585757,-2.1046661295774123,-2.920483102987855,-3.444280709253902,-3.577636084430138,-3.2044390575295947,-2.5671645854154157,-1.5693742484767093
-0.8136798612981759,-0.8136798613487219,-0.8136798614498139,-0.8136798616519978,-0.8136798620563657,-0.8136798628651014,-0.8136798644825729,-0.813679867717516,-0.8136798741874021,-0.8136798871271741,-0.8136799130067183,-0.8136799647658065,-0.8136800682839831,-0.8136802753203364,-0.8136806893930428,-0.8136815175384559,-0.8136831738292818,-0.8136864864109336,-0.8136931115742372,-0.8137063619008444,-0.813732862554059,-0.8137858638604879,-0.8138918664733459,-0.814103871699062,-0.814527882150494,-0.8153759030533582,-0.8170719448590864,-0.8204640284705428,-0.8272481956934556,-0.8408165301392814,-0.8679531990309327,-0.9222265368142355,-1.030773212380841,-1.2478665635140522,-1.0035321718901569,-0.7039860858275758,-1.64796290756878,-2.5760698291334223,-3.33896220928675,-3.273589840059511,-3.04795669439333,-2.8006137683900003,-1.802172853495075
-1.8694163943814015,-1.8694163944319475,-1.8694163945330393,-1.8694163947352231,-1.8694163951395903,-1.8694163959483239,-1.8694163975657887,-1.8694164008007117,-1.8694164072705373,-1.869416420210128,-1.8694164460891283,-1.8694164978465848,-1.869416601359867,-1.8694168083815368,-1.8694172224101926,-1.8694180504234534,-1.8694197063178235,-1.8694230177101077,-1.8694296393053085,-1.8694428789276067,-1.8694693474678947,-1.8695222524355433,-1.8696279660320603,-1.8698391042087543,-1.8702605135131194,-1.8711007309747831,-1.8727733624569094,-1.8760952150975607,-1.8826686894080584,-1.895604945116638,-1.9208453777965513,-1.9694300069446395,-2.060910556605602,-2.2268055300218825,-0.8376371657835581,-1.3399445000538546,-2.217111587530857,-2.637044785451435,-3.117952939690026,-3.1653552926602107,-2.913184111594214,-2.645383768304497,-2.2874243179950655
-2.9251529274140813,-2.9251529274140813,-2.9251529274140813,-2.9251529274140813,-2.9251529274140813,-2.9251529274140813,-2.9251529274140813,-2.9251529274140813,-2.9251529274140813,-2.9251529274140813,-2.9251529274140813,-2.9251529274140813,-2.9251529274140813,-2.9251529274140813,-2.9251529274140813,-2.9251529274140813,-2.9251529274140813,-2.9251529274140813,-2.9251529274140813,-2.9251529274140813,-2.9251529274140813,-2.9251529274140813,-2.9251529274140813,-2.9251529274140813,-2.9251529274140813,-2.9251529274140813,-2.9251529274140813,-2.9251529274140813,-2.9251529274140813,-2.9251529274140813,-2.9251529274140813,-2.9251529274140813,-2.9251529274140813,-2.0743775881902833,-1.1879715102639496,-1.1608848431728886,-2.0002614151129348,-2.6406360336819,-2.9640113327448767,-3.10593337381654,-2.825736872490959,-2.5803128752387083,-2.374407219102024
-2.9251529274717156,-2.92515292752935,-2.9251529276446187,-2.925152927875156,-2.9251529283362308,-2.92515292925838,-2.925152931102679,-2.925152934791277,-2.9251529421684728,-2.9251529569228643,-2.9251529864316477,-2.925153045449214,-2.9251531634843473,-2.9251533995546133,-2.925153871695145,-2.9251548159762084,-2.925156704538335,-2.925160481662589,-2.9251680359110965,-2.925183144408112,-2.9252133614021427,-2.925273795390204,-2.925394663366327,-2.9256363993185723,-2.9261198712230634,-2.9270868150320455,-2.9290207026500092,-2.932888477885937,-2.940624028357793,-2.956095129301505,-2.987037331188929,-3.048921734963777,-3.172690542513472,-1.9575803850612197,-1.565998942736882,-1.3739555922367015,-2.0395755720028785,-2.961226601418355,-3.3012863068648546,-3.2598360253065453,-3.0206967986001203,-2.670351741911548,-2.517161564608383
-3.191276720255645,-3.191276720313279,-3.191276720428546,-3.1912767206590797,-3.191276721120143,-3.1912767220422578,-3.1912767238864532,-3.1912767275747402,-3.191276734951003,-3.1912767497025953,-3.1912767792029815,-3.191276838195357,-3.1912769561549155,-3.1912771919984597,-3.1912776634588265,-3.191278605699394,-3.1912804881400327,-3.191284246899823,-3.19129174605494,-3.191306689271783,-3.191336410425297,-3.191395356891809,-3.191511762303282,-3.191740110561579,-3.192183419384223,-3.193029873947664,-3.1946022938290075,-3.1973856658550726,-3.2018680066973393,-3.207579478752285,-3.20924279397341,-3.183290537749361,-3.043549365302366,-2.6367037439427206,-1.7444882833856572,-2.343615660388314,-2.817157332235041,-3.3543464781773853,-3.5540535486073286,-3.611427621944665,-3.5277419454197263,-3.046223742314982,-2.7325105146126147
-3.4574005129819403,-3.4574005129819403,-3.4574005129819403,-3.4574005129819403,-3.4574005129819403,-3.4574005129819403,-3.4574005129819403,-3.4574005129819403,-3.4574005129819403,-3.4574005129819403,-3.4574005129819403,-3.4574005129819403,-3.4574005129819403,-3.4574005129819403,-3.4574005129819403,-3.4574005129819403,-3.4574005129819403,-3.4574005129819403,-3.4574005129819403,-3.4574005129819403,-3.4574005129819403,-3.4574005129819403,-3.4574005129819403,-3.4574005129819403,-3.4574005129819403,-3.4574005129819403,-3.4574005129819403,-3.4574005129819403,-3.4574005129819403,-3.4574005129819403,-3.4574005129819403,-3.4574005129819403,-3.7067244630599245,-3.0788925365204207,-2.601319921870586,-3.070285799807252,-3.5310916183715872,-3.7983333558675696,-3.9054567257048096,-4.242819041915043,-4.448582270788634,-3.254290767316038,-3.4486331767720175
-4.273178280966767,-4.273178280966767,-4.273178280966768,-4.27317828096677,-4.273178280966778,-4.273178280966803,-4.273178280966878,-4.273178280967102,-4.273178280967774,-4.273178280969791,-4.2731782809758405,-4.2731782809939896,-4.2731782810484376,-4.27317828121178,-4.273178281701807,-4.27317828317189,-4.273178287582138,-4.2731783008128845,-4.273178340505123,-4.273178459581839,-4.273178816811984,-4.273179888502419,-4.273183103573724,-4.273192748787641,-4.273221684429392,-4.273308491354645,-4.273568912130403,-4.274350174457677,-4.276693961439498,-4.283725322384959,-4.304819405221345,-4.368101653730502,-5.025918284108248,-3.3708220172084533,-3.4350680504890856,-3.484622192356742,-4.020151343808999,-4.402438601216496,-4.6803876387248025,-4.576455571556597,-4.292573653695228,-4.1880013790273445,-4.292933607626659
-5.088956048951591,-5.088956048951591,-5.088956048951591,-5.088956048951591,-5.088956048951591,-5.088956048951591,-5.088956048951591,-5.088956048951591,-5.088956048951591,-5.088956048951591,-5.088956048951591,-5.088956048951591,-5.088956048951591,-5.088956048951591,-5.088956048951591,-5.088956048951591,-5.088956048951591,-5.088956048951591,-5.088956048951591,-5.088956048951591,-5.088956048951591,-5.088956048951591,-5.088956048951591,-5.088956048951591,-5.088956048951591,-5.088956048951591,-5.088956048951591,-5.088956048951591,-5.088956048951591,-5.088956048951591,-5.088956048951591,-5.9371264729493465,-5.285699674082062,-4.753344403215183,-4.28350807052056,-4.783349712216687,-4.429264836203659,-4.323880790993116,-4.682990006065339,-5.090041951891314,-4.906091330305485,-4.40854861835903,-4.37902726445129
-5.088956048950807,-5.088956048950025,-5.088956048948459,-5.0889560489453265,-5.088956048939062,-5.088956048926534,-5.088956048901478,-5.088956048851366,-5.088956048751141,-5.088956048550692,-5.088956048149793,-5.0889560473479944,-5.088956045744398,-5.0889560425372045,-5.088956036122818,-5.0889560232940445,-5.088955997636498,-5.088955946321405,-5.088955843691219,-5.088955638430845,-5.0889552279101,-5.088954406868609,-5.088952764785628,-5.088949480619665,-5.08894291228774,-5.08892977562389,-5.088903502296189,-5.088850955640787,-5.088745862329983,-5.088535675708375,-5.088115302465158,-5.933401755625136,-5.426409536055471,-5.733219652612432,-4.691707862062024,-4.688508037615375,-4.589677497795835,-4.820240267582431,-4.319676328875578,-4.782563709481257,-4.583891546232578,-4.1956584743407355,-4.1589389038548426
-4.154580397704829,-4.1545803977040485,-4.15458039770249,-4.154580397699379,-4.154580397693181,-4.154580397680848,-4.154580397656382,-4.1545803976080355,-4.154580397513111,-4.1545803973285595,-4.154580396975356,-4.154580396316643,-4.154580395142303,-4.154580393222879,-4.154580390671804,-4.154580389432964,-4.154580398545218,-4.154580451539527,-4.154580661837546,-4.154581395361788,-4.154583801194889,-4.154591429214936,-4.154615134316571,-4.154687891704455,-4.154909448034069,-4.155580685354839,-4.157607533980998,-4.163714353187173,-4.182087357461103,-4.237311463593695,-4.4031939686130785,-5.480321599383763,-4.7884392504498345,-4.059455892887983,-3.7200123487297385,-3.57059425078821,-4.1089100363089,-4.495282608818303,-5.070791043929433,-4.50836437998712,-4.347354356152746,-3.6312548289164917,-2.7791499835009463
-3.2202047464596304,-3.2202047464596304,-3.2202047464596304,-3.2202047464596304,-3.2202047464596304,-3.2202047464596304,-3.2202047464596304,-3.2202047464596304,-3.2202047464596304,-3.2202047464596304,-3.2202047464596304,-3.2202047464596304,-3.2202047464596304,-3.2202047464596304,-3.2202047464596304,-3.2202047464596304,-3.2202047464596304,-3.2202047464596304,-3.2202047464596304,-3.2202047464596304,-3.2202047464596304,-3.2202047464596304,-3.2202047464596304,-3.2202047464596304,-3.2202047464596304,-3.2202047464596304,-3.2202047464596304,-3.2202047464596304,-3.2202047464596304,-3.2202047464596304,-4.262356218198888,-3.540819289108525,-3.761616212421315,-2.9555900977055853,-2.5582913891807375,-3.2571882627993123,-4.256561044807885,-5.403584835315443,-5.724409149383072,-3.832748410385046,-3.187384796060911,-2.648321214132568,-1.4533546030406628
-2.4291666262961336,-2.429166625975727,-2.4291666253349127,-2.4291666240532765,-2.429166621489984,-2.429166616363339,-2.4291666061098707,-2.429166585602397,-2.4291665445858404,-2.4291664625478955,-2.429166298457511,-2.4291659702332598,-2.429165313654313,-2.4291640001050845,-2.429161371832622,-2.42915611176568,-2.4291455810657463,-2.4291244879677287,-2.4290822066772457,-2.428997358812931,-2.4288268072342607,-2.428483136526794,-2.4277880924614834,-2.4263748963797322,-2.4234791803628375,-2.4174797767688734,-2.40485705490042,-2.377739867121937,-2.3178902594402433,-2.1813453477026727,-3.204846677928657,-2.6369382988844396,-2.3886497977613335,-1.8844858827575726,-1.0220614436144462,-1.0742189693299773,-2.9569409208294593,-4.33505784144773,-4.7466981371852155,-3.5135141302976383,-1.9211152035732861,-1.580861535253829,-0.9500510882614189
-1.6381285064530435,-1.6381285061326394,-1.638128505491831,-1.6381285042102145,-1.6381285016469818,-1.6381284965205158,-1.6381284862675844,-1.6381284657617217,-1.638128424749996,-1.6381283427265445,-1.6381281786796418,-1.6381278505858359,-1.6381271943982245,-1.6381258820230014,-1.6381232572725555,-1.6381180077716633,-1.6381075087698793,-1.6380865107663114,-1.6380445147591751,-1.6379605227449026,-1.6377925387163574,-1.6374565706592676,-1.6367846345450876,-1.635440762316728,-1.6327530178600087,-1.6273775289465697,-1.6166265511196922,-1.5951245954659372,-1.5521206841584267,-2.458163927348197,-2.439794858192063,-2.1526921057281134,-1.2715587969820061,-0.29011266859337115,-0.6725985326734095,-0.3383501076980328,-2.1619258277322433,-3.749421234750935,-3.9553328303397106,-3.6980191180590403,-1.9202456426836123,-0.8039586350480434,-0.5745326514241362
-1.6381285067734475,-1.6381285067734475,-1.6381285067734475,-1.6381285067734475,-1.6381285067734475,-1.6381285067734475,-1.6381285067734475,-1.6381285067734475,-1.6381285067734475,-1.6381285067734475,-1.6381285067734475,-1.6381285067734475,-1.6381285067734475,-1.6381285067734475,-1.6381285067734475,-1.6381285067734475,-1.6381285067734475,-1.6381285067734475,-1.6381285067734475,-1.6381285067734475,-1.6381285067734475,-1.6381285067734475,-1.6381285067734475,-1.6381285067734475,-1.6381285067734475,-1.6381285067734475,-1.6381285067734475,-1.6381285067734475,-1.6821046665792103,-1.856064808805757,-1.9434767217632853,-1.6128671300146133,-1.2799901871312511,-0.6861235455384597,-1.0398699107877882,-2.565777802553174,-1.6632541465868762,-3.474929797479513,-3.627192831363652,-2.409531231002677,-2.2596056706840213,-1.1470800553917402,-0.7033619719035701
-1.6381285106777996,-1.6381285145821516,-1.6381285223908555,-1.6381285380082637,-1.6381285692430803,-1.6381286317127133,-1.6381287566519789,-1.6381290065305105,-1.6381295062875738,-1.6381305058017,-1.6381325048299527,-1.6381365028864576,-1.638144498999468,-1.6381604912254888,-1.63819247567753,-1.6382564445816121,-1.638384382389777,-1.6386402580061068,-1.639152009238766,-1.6401755117040846,-1.6422225166347215,-1.6463165264959958,-1.6545045462185444,-1.6708805856636415,-1.7036326645538358,-1.7691368223342243,-1.900145137895001,-2.162161769016554,-1.735992626190956,-1.5139057493858084,-1.2513219488633658,-1.3027028493798318,-1.6177609351056592,-1.6671836293087448,-2.3201116539278632,-2.6853831403185167,-2.3997007981126077,-2.9146249809939113,-2.2661361757963907,-1.9913263481152557,-1.6852395879591575,-1.2988927898281335,-0.7112541370666063
-2.2074966413680657,-2.207496645272418,-2.207496653081123,-2.2074966686985333,-2.2074966999333547,-2.2074967624030037,-2.207496887342318,-2.207497137220996,-2.207497636978497,-2.2074986364939373,-2.2075006355261313,-2.2075046335944606,-2.2075126297429435,-2.2075286220753814,-2.2075606068466755,-2.207624576708516,-2.2077525173899555,-2.2080084016261075,-2.2085201787182354,-2.20954375876196,-2.211590996427814,-2.215685704494741,-2.2238758188342467,-2.240258142130216,-2.2730290725730256,-2.3385897850112602,-2.4697677645455767,-2.7322933875877484,-1.5857983197822516,-0.8647889548572161,-0.9009345882206701,-0.8606573304163322,-2.221167074602809,-3.3009563470761636,-3.29616722460557,-3.5709354917018175,-2.3355409245511267,-1.521236815211617,-1.4645548536020103,-1.011474213556813,-1.191133543209219,-1.1277844581876741,-1.5303483774900755
-2.7768647681539806,-2.7768647681539806,-2.7768647681539806,-2.7768647681539806,-2.7768647681539806,-2.7768647681539806,-2.7768647681539806,-2.7768647681539806,-2.7768647681539806,-2.7768647681539806,-2.7768647681539806,-2.7768647681539806,-2.7768647681539806,-2.7768647681539806,-2.7768647681539806,-2.7768647681539806,-2.7768647681539806,-2.7768647681539806,-2.7768647681539806,-2.7768647681539806,-2.7768647681539806,-2.7768647681539806,-2.7768647681539806,-2.7768647681539806,-2.7768647681539806,-2.7768647681539806,-2.7768647681539806,-2.456167444203927,-2.0001661004234474,-0.9595789402000994,-0.6269701187457658,-1.223788278219395,-1.9741866587297243,-3.3825172831501833,-3.992665405716438,-3.3929671701020547,-2.756920130175868,-1.5710184039802797,-1.0593722098432208,-1.1391901762929761,-1.1408423680009865,-1.7652144097675297,-2.4001983225121246
-1.9956512823198977,-1.995651282320044,-1.9956512823204828,-1.9956512823217991,-1.995651282325748,-1.995651282337595,-1.9956512823731363,-1.9956512824797599,-1.9956512827996307,-1.9956512837592435,-1.9956512866380816,-1.9956512952745953,-1.9956513211841365,-1.99565139891276,-1.9956516320986306,-1.9956523316562425,-1.9956544303290782,-1.9956607263475854,-1.9956796144031068,-1.9957362785696713,-1.9959062710693651,-1.996416248568447,-1.9979461810656918,-2.0025359785574257,-2.016305371032628,-2.057613548458235,-2.181538080735057,-2.3153455206505327,-1.7500351892858172,-1.2474917421002265,-0.7837931569532773,-1.433339004985758,-2.130312241016939,-2.730677730899207,-3.6027045224865186,-3.2513476528140948,-3.0185059686712736,-2.28730242511226,-2.187012193475693,-1.345071913770884,-1.7894179454504848,-1.970982750517593,-2.6007861367287086
