public/data/weather/current/set-grid-wind-0.25.json
{"header": { "parameterCategory": 2, "parameterNumber": 2, "nx": 277, "ny": 139, "lo1": 91.5, "la1": 19.5, "lo2": 160.5, "la2": 54.0, "dx": 0.25, "dy": 0.25, "refTime": "2025-06-30T12:00:00Z", "surface1Type": 100, "surface1Value": 100000.0, "forecastTime": 0, "scanMode": 0 }, "data":
[rows 95 to 113 of 139, columns 215 to 257 of 277]
2.792552429180449,2.6683220386514934,2.1094050322932927,1.5466500064837825,2.049977107520301,2.5305007696578143,3.4997648947691253,3.854318538038368,3.158035424217499,2.651938535511362,1.924584558733643,1.664006122358864,1.490619356171067,1.5026506488572777,1.5744767392852668,1.6439466170952592,1.9016797222385475,2.242049015479043,2.4664800754895513,2.6824286491317793,2.7090818107052446,2.6563100489338067,2.5926699109605975,2.4535413342456236,2.2539352062635367,2.023587359307619,1.5601862340334873,1.458720348149562,1.5200392811190482,1.535021069104769,1.6263741404186827,1.6725446376343234,1.726622839540015,1.6439184029537985,1.6156939799346668,1.6213593790494045,1.6341248929649168,1.6217688573371414,1.6000655987705188,1.7609299352636485,1.9728076541309143,2.347952871164127,2.7403097629949538
2.185038983457969,2.354527795171482,1.220538426869125,1.215426238495529,1.4353646339401507,2.3582343272176134,3.0318416846220018,2.8948178275976018,2.3256225186353423,2.0143773276446093,1.7911951753419286,1.6499291446645619,1.4757844545583938,1.5447846101042517,1.6559187268970836,1.841361291558409,2.130691145353201,2.357416494912771,2.679648481563496,2.844868442285605,2.8539268690382977,2.8490231873062823,2.725001579618385,2.68322670526845,2.5862486971202903,2.147562343683114,1.7290378591550875,1.7496461558631309,1.763173381073771,1.7516585474411808,1.740810733417831,1.8053237275463991,1.8098109024579005,1.7989026592894584,1.736502472111401,1.718789509652982,1.7985066777981402,1.7597291931655463,1.7824277429178694,1.9398195991156215,2.23995749842821,2.64319830517687,2.813827953711761
0.8634504597321311,1.2346161587617777,0.7839408431171052,0.6591518866890573,1.3201657946985006,2.0174989066959816,2.203462538422375,2.3674885690946947,1.5951077931471616,1.5658451740588686,1.5758896703249,1.539657929324548,1.5552912977066704,1.6646877040269834,1.8587963438810393,2.076845272070472,2.2319297322219045,2.377277337255344,2.6483433374120993,2.8881041934174583,3.0127340358560586,3.0094537552692957,2.9749745185996126,2.9681152100895036,2.737824295445979,2.52041868982441,2.310083944931579,2.047653035074103,2.019336521127027,1.967629006168352,1.8898864891304634,1.8678682000441975,1.9083943834557298,1.8681209854540637,1.8371771103518777,1.846289771198862,1.902448001654231,1.8909614852786312,1.909972933616182,1.9759632198527588,2.2302118929730796,2.47471496063827,2.8745300824554474
-0.22364406168463838,0.647497471494963,0.7646671071277306,1.2319364423009822,1.6079355774674264,1.655849459867211,1.397020993276822,1.4990403329750244,1.3907180104136634,1.0780059051188038,1.285701840552244,1.5166791480671504,1.5484576762877205,1.6998785644159724,1.8784879060531392,2.076788809862406,2.3429051742085996,2.6357101530620146,2.8492357864239817,3.1347398720989883,3.209996866858407,3.233674916310832,3.197327529421264,3.2385520158038066,3.083000576825194,2.8862041752369683,2.475416253933033,2.273986650399672,2.2988906621918805,2.0955756069218734,1.97436532050506,1.9482779949480293,1.9457538824911802,1.93028180053747,1.9324498850602765,1.926744463136357,1.9315503431576346,1.9654585646823164,1.9905392864154676,2.1515877259962286,2.33143888400796,2.6489108377867274,3.0321729485179074
-0.17396229843288263,0.21611587757925865,0.39529367159787177,1.6824169405992777,1.1451701186127787,1.6009423620286143,0.892893120873882,0.9265743472311754,1.0339326055948572,0.9155854154812733,1.2003697935077573,1.4643815765441726,1.4219816949610884,1.7003578161592376,2.1101082867882615,2.514391695483679,2.781809661508812,2.9273742270504206,2.978149783122824,3.5120540989774742,3.5310931645663275,3.51792151369436,3.4449490688315256,3.3843076351497845,3.469421820814021,3.0425620955338104,2.6156691593138675,2.5014819879119345,2.3886066770883017,2.262315276741116,2.148329652401573,2.0051245767516797,1.9752269694624065,1.9748024491443592,1.9893737524707964,1.9871561774900575,1.9786769111863403,1.9776385527716918,2.033589185705965,2.1262274889316943,2.2950450792758046,2.500913167656508,2.7300833583938693
0.29754900169381404,-0.004365334342917567,0.2102856172789618,0.5273627174113454,-0.31061440564420306,0.118632889250172,0.5800070409891128,0.6932093145411198,0.9028526492533173,1.3574829773929107,1.5553447864441514,1.7184956696406941,1.9483860486412274,2.1182554907224,2.3471957294569905,3.0325219576374645,3.1224309420202347,3.3138273105080307,3.4374864010041044,3.6113135595722157,3.8844001787350693,3.878493152390262,3.7583501085844975,3.701977677268209,3.659073997771268,3.4003945065117405,3.1767928365949287,2.7276654648458973,2.5110071041623048,2.4167491705527158,2.1471927600261465,2.00524617961345,1.994995396083266,2.0054359551678993,2.0393654113988524,2.022185392399234,2.018362571325977,1.957060045172957,1.9339203815062858,2.0246879647487797,2.2164488130647384,2.3296133951696314,2.7362471523128287
0.9468493040118803,-0.09996509040952822,-0.74759195004522,-0.7275605625124288,-1.336488713768271,-0.7095703968058932,-0.18436074131596608,0.3634032206908733,1.0974559223065425,1.4666565349782321,1.9450307052352438,2.2436017814649647,2.318640958929581,2.4770823686321455,2.9027486904491524,3.1333488044280977,3.3615648384266303,3.6821394339333917,3.810697134013791,3.839645388441617,4.074066209522911,3.9250359874921865,4.139368986420438,4.006178967567286,3.79613402049517,3.7231490961469547,3.233568124496799,2.7792552314822205,2.6097712677989335,2.385835026483852,2.1099246078571117,2.04126386404395,1.994072480089308,2.0043360176657847,2.013499617740147,2.0438574093820483,1.9902910456094107,1.8983186750878729,1.8566005630956928,1.9948953482022704,2.1418892079982084,2.3545470107581656,2.5648921043875967
1.0258418392790216,-0.29718340766981627,-0.8049690126312101,-1.3535243036475695,-1.6137986573873622,-1.2072463069191637,-0.9712828301379574,0.28449820139653414,1.36288079057401,1.6072588989412635,2.3428139702395674,2.3318279104826543,2.605493636979986,2.6952272744675114,2.944845232038602,3.2365597311991423,3.294148664797915,3.577823297643999,3.422985322977495,3.86250465065755,3.464271252754594,3.608215601635134,4.110128676342559,4.0829486808456865,3.8462970437354524,3.628435875541856,3.1941319677170625,2.957943148559811,2.762987709067357,2.4887348421036166,2.3173817907596415,2.0558121886159313,1.97410414149809,1.942381211008994,1.9507572505345854,1.9671659495178828,1.8806248152486642,1.7748642618400505,1.7761877078185442,1.8043568783416148,2.001665659967659,2.2677566374118516,2.4470572415097305
0.3148487532728913,-0.33900567967103734,-0.8215763891622345,-1.6809491781213008,-1.6096937262847018,-1.5343333433454425,-0.8464316534824162,0.08512460781301509,0.6502130748860326,1.2566842999732446,1.6717471619950128,2.1354022532460974,2.5665501420355183,2.893099247699852,2.7766588126773257,2.6994090246918567,2.313894732174983,2.201347749075748,2.440916209594641,2.9930916059461756,2.312298549202779,2.9256119082850494,3.5797571821313245,3.681922058561095,3.877669598059098,3.5633483480684474,3.438711329367448,3.095397685972604,2.700162942890072,2.5063913282217753,2.2532778190861418,1.9960262644661741,1.927252367765811,1.8403274343375156,1.7636000001982697,1.762018177273265,1.7901780040273136,1.7446571312880608,1.6689291279968186,1.822837847599962,2.0963718202750883,2.319534729185091,2.627309598705815
-0.35566078549988717,-0.5521116751249899,-1.2140255835635394,-1.6893995541609432,-1.5158553778923531,-1.3421475520710389,-0.8368322084256792,-0.41313469669938685,-0.10383739881613865,1.07693421329855,0.9520881245211411,1.5632433523064264,1.9763748725038006,2.064220578360186,2.5692817462789916,2.1097880870350876,1.0606734901344141,0.9032420312058913,1.495529929578454,1.6948356473280248,1.5934197066599398,2.3705296706532786,2.7644693713653217,3.1873127732082702,3.5981823299317828,3.3085765893053867,3.2398669873543104,2.991588102833584,2.7855263548009472,2.5833897088072715,2.340098623318547,2.1711630581597063,1.8985516307614645,1.7467254012488977,1.501297138647713,1.479562882443686,1.5665519725921524,1.5913846037853148,1.6480323228301323,1.7823924992944098,1.9318105820607545,2.286700860347608,2.6252351647603245
-0.9898904958178455,-1.0637582106075487,-1.2247390357314285,-1.3105618319582226,-1.4221806790527285,-1.1037660450807503,-0.8803793046976653,-0.7969937873687447,-0.11403849630238388,0.484305866034475,0.8992997143209887,1.067760535434874,1.1572882525922685,0.8181264469581002,1.003709979851092,0.2127729413959205,-1.0629233241589484,-0.28006375814019513,0.318791005349201,0.6973013471275287,1.2252263316735257,1.3849579412331088,1.9202778594684133,2.8251821954681993,2.997321476215694,3.035214586483199,3.046941705158799,2.9242419159989517,2.866964664672863,2.6009727602337342,2.3525639072210676,2.0137057874324573,1.7061438306157837,1.5159371038537826,1.1905898305228084,1.208257250241059,1.2104318414044688,1.4062969884309136,1.5937395186492787,1.7268892446867898,2.1141620092391435,2.53143810973105,2.7471530161654716
-1.107571555662693,-0.9903148271834522,-0.8974370576676298,-0.9059280588877906,-1.0304651067060968,-0.7379207983313325,-0.7839251779154869,-0.5898703982069559,-0.16432164411635697,0.07502803282074522,1.0654428475205002,1.0919144291847154,0.7668911554722994,-0.33324057448378336,-0.19651048500639456,-1.1994829771435491,-1.3956462388099493,-0.6725812625375087,-0.6376034971689836,0.6167426953691842,1.0949632857674623,1.4921877399987855,1.7055603338677898,2.233096745589409,2.5307067929795943,2.7715789561820787,2.7488154890834426,2.7914731913305624,2.6553817470901375,2.383935280977512,2.038414935941636,1.8486505914897635,1.7501279378658465,1.4202893530276408,1.1877745433812406,0.9524444465932723,1.0645637688869605,1.3710834218989818,1.5867563552112858,1.864303565943323,2.071600708877281,2.310688300890402,2.6318640262754025
-0.6028637509883542,-0.4608774997642408,-0.4687663088678479,-0.42071837044765853,-0.6034253966194919,-0.03352686362299602,-0.21317836635390341,-0.06121014623068293,-0.028405714776833374,0.5648770946393531,1.0326277068236804,1.4675631783111884,0.9249635702379144,0.4792503521375884,-0.25702836824933767,-1.2934846329824035,-0.4275618713533329,-0.3770115560309068,0.06989571288317965,0.6887507603413326,1.0456963760283535,1.3168305148539883,1.6059366945498796,1.8709376600420529,2.491875037112512,2.4380384108136726,2.2816353201983124,2.3111932595484346,2.2417874385017105,2.2409716806445408,1.9572467737684303,1.5923537047191143,1.3873161712332227,1.109584174584335,0.9921593296289986,0.8324833177084181,0.9489752167993419,1.0688682471309994,1.5178989143535597,1.7735866795936637,1.9972489594362557,2.4374168351081322,2.5708145062053047
-0.01750906403095029,0.2184348879826911,0.2492857791654088,0.18262467340138136,0.2924122241539834,0.6966354639504301,0.6478629863000602,0.5866138944149609,0.7794425311495676,1.2393860527964182,1.5683119993381123,2.047092459240362,1.8312205629278822,1.58230678104556,0.6158661186146536,-0.22446194779908737,1.355894942409928,1.0475632655376754,1.0992047441631092,1.022668257084613,1.1195806004646538,1.3222764615847769,1.5304182694356883,1.8776206130684943,2.101317544838333,2.207064329761787,1.8162915107570732,1.8813197146802882,1.7596030667237292,1.6907947220877755,1.489467746571481,1.1260263754168018,1.0002202791698651,0.9137018452585632,0.8387952828420004,0.7887724527440021,0.8299855334709898,1.173359918212624,1.4302061917695317,1.7148952786415161,2.0736591604695476,2.255770859126981,2.444979309709369
1.1840053930737566,1.154720966960329,1.0507370919030832,1.0139530008497255,0.8938141558836139,1.0372768576742657,1.521380953188753,1.4666525008423847,1.6399066816283856,1.8095122383323665,1.9541417784919888,2.2572512263066806,2.7705194411876923,2.601831842561775,2.019055016748902,1.996483800869884,2.8050826810835607,2.4671830020370127,2.2566917411469682,1.920214657959618,1.6385907614908657,1.753268343497755,1.8318487780209423,1.8637821971203583,1.828710199410539,1.8241923431359726,1.7200414386704974,1.6381910216919162,1.3805248212920531,1.3222787491318142,1.1838031150129162,0.9300459855534071,0.759534325691354,0.7062076444380522,0.6829309237208462,0.6538256769545999,0.9129486751805248,1.1051669129880048,1.314670655870427,1.6036953028009293,1.781519973890845,2.0670281312208756,2.3564452566417793
2.3129792534798996,2.1277040935500238,2.149899232978039,1.928636082210823,1.7108546795961002,1.6928312561061685,2.3303622310481393,2.250050883753182,2.3196428014486417,2.4046144404126735,2.6419146649831946,2.9164064921014714,3.47827217207322,3.5835207541592204,3.304462289458338,3.38625945344616,3.3169121516365223,3.759394320379846,3.2452200220504523,2.6151069455644413,2.3264115640714964,2.2203573728944344,2.0501749365522657,1.9169491979814572,1.607749264155357,1.6054025152513076,1.6014908790970266,1.3328640558790419,1.1652658889508638,1.0339923381345115,0.8016421131418725,0.6508201260925565,0.5931691990869847,0.5709262891506689,0.637996775307158,0.7098077000835005,0.8584483660253253,1.0196884026884436,1.4248632329167517,1.563874019485334,1.773855454092058,2.0212172407015987,2.163233274984273
3.792813712833114,3.6964440809865153,3.4925196642482255,3.0973827928018824,2.6631519805701234,2.828490369478044,3.1820087955597587,3.087593318968489,2.9839992000003255,3.0969701556900455,3.2222414725901505,3.28818790504279,4.144008493120084,4.159011054352548,4.22901393347907,4.113416334121928,3.8874849587332245,3.8080906904101828,3.461621592486635,3.289289360944537,2.8315911763362456,2.4278309821809696,2.2315443973122284,1.7790278980811243,1.6176705226231278,1.3881775746168743,1.1122385976854847,1.0300220610763269,0.9136823404978479,0.7845550148721893,0.769134013093522,0.7177074895209531,0.6985747017133827,0.6241259815315808,0.5883221882736165,0.6964928581686497,0.7913486861488321,1.082569775178487,1.255574579918302,1.4530820881315964,1.6465009947958589,1.7125654421639227,2.004836754253828
4.35182962542555,5.372738853314697,5.067326571850551,4.506565941117134,4.1515800708891915,3.7759694456761257,3.6307642125988573,3.9343143965606884,3.7231615099555873,3.763909707095944,3.8618931646445724,4.01768591343775,4.488404933521144,4.679501036651816,4.601648817726861,4.42422022182529,4.311520658764265,3.8744992152386057,3.503886296541369,2.9656221297395584,2.5970027810680114,2.378382911074919,2.127193987219451,1.923609582364273,1.6957273536391566,1.2074603018861232,1.0444230682311968,0.7613032502429331,0.7469212659277197,0.779160265523323,0.7726314348390733,0.7832116870246795,0.8592961367140122,0.7355452982932403,0.68135193611099,0.7448722526499976,0.8357276803904542,0.9518658339741799,1.0617832234463727,1.3907193078710685,1.5148616400008619,1.6897525911894868,2.081590008842004
5.394487738943346,6.466286830505295,6.30353127648857,5.787212383479011,5.660632916193382,4.6890447771789505,4.475525152323197,4.4478206531195745,4.181532053722911,4.373613998093571,4.582081036234858,4.688070835762098,5.112424290874929,4.953661211407876,4.7913443606343655,4.670295076688105,4.162483525889028,3.727055374969933,3.0586231795936327,2.57400698631853,2.4628253489202585,2.3615038938312436,2.193728990522685,2.0924890905173594,1.6432703268251687,1.3798546482001726,1.0966901231102464,0.7544643122953091,0.769392969201358,0.8125333464543097,0.9038139389119537,0.9098764175335708,0.957133136140978,0.8640543419452643,0.8318682086391352,0.7659165359298964,0.8082821252171163,0.8273826568814059,0.9968505882088311,1.1773029317630992,1.3324736661470327,1.6026878112817229,1.8034069086981344
