public/data/weather/current/set-grid-wind-1.0.json
{"header": { "parameterCategory": 2, "parameterNumber": 2, "nx": 70, "ny": 36, "lo1": 91.5, "la1": 19.5, "lo2": 160.5, "la2": 54.5, "dx": 1.0, "dy": 1.0, "refTime": "2025-06-30T12:00:00Z", "surface1Type": 100, "surface1Value": 100000.0, "forecastTime": 0, "scanMode": 0 }, "data":
[rows 0 to 18 of 36, columns 0 to 42 of 70]
-0.27611093621515564,-0.27611093621515564,-0.27611093621515564,-0.27611093621515564,-0.27611093621515564,-0.27611093621515564,-0.27611093621515564,-0.27611093621515564,-0.27611093621515564,-0.27611093621515564,-0.27611093621515564,-0.27611093621515564,-0.27611093621515564,-0.27611093621515564,-0.9571744701883371,-1.9347369410830546,-2.1435741342494534,-1.8857900599145392,-1.9212687933406687,-1.9212687933406687,-1.9212687933406687,-1.9212687933406687,-1.9212687933406687,-1.9212687933406687,-1.9212687933406687,-1.9212687933406687,-1.9212687933406687,-1.9212687933406687,-1.9212687933406687,-1.9212687933406687,-1.9212687933406687,-1.9212687933406687,-1.9212687933406687,-1.9212687933406687,-1.9212687933406687,-1.9212687933406687,-1.9212687933406687,-1.9212687933406687,-1.9212687933406687,-1.9212687933406687,-1.9212687933406687,-1.9212687933406687,-1.9212687933406687
-0.2761151367645255,-0.2761193373138954,-0.27612773841263516,-0.27614454061011473,-0.27617814500507387,-0.27624535379499215,-0.2763797713748286,-0.27664860653450163,-0.27718627685384767,-0.27826161749253975,-0.2804122987699238,-0.2847136613246919,-0.2933163864342282,-0.3105218366533007,-1.6382380041615185,-2.9122994119777723,-2.352411327415852,-1.628005985579625,-1.9567475267667982,-2.4602805733977045,-2.693503363779925,-2.6696906556856645,-3.1398123108605307,-3.985432353882908,-4.1156960885323315,-3.0184824409365003,-2.4698756171385847,-2.1955722052396265,-2.058420499290148,-1.9898446463154082,-1.9555567198280386,-1.9384127565843536,-1.929840774962511,-1.9255547841515899,-1.9234117887461293,-1.9223402910433989,-1.9218045421920338,-1.9215366677663512,-1.92140273055351,-1.9213357619470894,-1.921302277643879,-1.9212855354922738,-1.9212771644164712
-0.3314717568802814,-0.3314765414271183,-0.331486694518259,-0.3315087526929415,-0.3315581250195095,-0.3316726376042543,-0.3319489665685705,-0.3326435358816826,-0.33445840866134574,-0.33936535668098916,-0.35301086010122734,-0.39179668908455795,-0.5038528134797818,-0.831418461555917,-1.2062820086198747,-1.524874609261443,-1.6298676871314903,-1.954829274412747,-2.983279354763353,-3.502825400085646,-3.698960724601402,-3.3942998099364,-4.8284774835552575,-6.895215957447524,-6.440387118373418,-5.063741609400956,-4.522941558005074,-3.842500155169759,-2.8745105168693192,-2.2143764261010417,-2.495998565290389,-3.009309163983119,-3.6070781302426003,-3.94983525433462,-4.0592152045420375,-4.2544781219501635,-4.287765273059656,-4.241300858791141,-4.200510447850479,-3.9431358325255577,-3.696809095026231,-3.554745240873144,-3.279858934691962
-0.38682359244920034,-0.38682359244920034,-0.38682359244920034,-0.38682359244920034,-0.38682359244920034,-0.38682359244920034,-0.38682359244920034,-0.38682359244920034,-0.38682359244920034,-0.38682359244920034,-0.38682359244920034,-0.38682359244920034,-0.38682359244920034,-1.1996218679186212,-1.0070904426354546,-0.6120924281319566,-1.23977863673848,-2.5651011567582707,-2.832172319612535,-2.2306820470521287,-2.925231480725536,-2.459891269979031,-3.763252563302045,-4.660793285448509,-4.442351909888955,-5.732355268892949,-6.035207447475682,-4.808986702264578,-2.722610896148051,-1.7787741151183971,-3.3180625499420855,-4.593516170074615,-5.8820844517821715,-6.316872848609669,-6.304398570545366,-6.7818788702650545,-6.687013155036771,-6.514600635547417,-6.438827754206786,-5.707561287779105,-5.225989174909257,-5.046141092100927,-4.363554398786271
-0.38693738650013065,-0.387051180551061,-0.38727876865292177,-0.38773394485664325,-0.3886442972640861,-0.39046500207897183,-0.3941064117087434,-0.4013892309682864,-0.4159548694873725,-0.4450861465255447,-0.5033487006018891,-0.6198738087545779,-0.8529240250599553,-1.1957176991065979,-1.4486825912429886,-1.7905906306404984,-1.552624036470698,-1.9043412204174444,-1.4008976694185895,-1.5437791172422113,-1.6520191079361508,-2.355678201987463,-1.7832530642139899,-1.3267782487740039,-2.4848713641560884,-3.230543855663099,-2.1688329529218158,0.07565035564711296,1.5893723688103112,0.28771554729633453,-1.1476003397475814,-2.3831287340023475,-5.016954033094947,-5.541628213492662,-5.744277235972414,-6.267613417000204,-6.185092868177086,-5.751099390330806,-5.315880165120632,-4.582792424329182,-3.9895341701025546,-3.395634143813831,-2.518677283781145
-0.6602035931808806,-0.6603174618495246,-0.6605452738045261,-0.6610011215676698,-0.6619134886533792,-0.6637402375030647,-0.6673997792372353,-0.6747369948099754,-0.6894658222686528,-0.7190866661255989,-0.7788179206582653,-0.8997491301799201,-1.1460176505921955,-1.612421183315084,-1.059748743512218,-1.8634283494627504,-1.7364170632689553,-0.5755994274290445,-0.7760253098222467,-1.344946610120488,-1.611313307626692,-1.8341199720955499,-0.9421043585417218,-1.3190400948180696,-0.9173033735114318,-0.6672236888450505,0.2122497604087926,-0.5867123504456798,-0.551214550078858,0.48828635457158903,-1.4876247735349528,-2.857231401474664,-4.305396393218601,-5.447408596259545,-5.564148200869688,-5.362083439564695,-5.153968110287475,-4.534909502252924,-4.164544533265879,-4.191173500776999,-4.106201047088031,-3.9744811072861888,-3.2909908096317873
-0.9333559311929868,-0.9333559311929868,-0.9333559311929868,-0.9333559311929868,-0.9333559311929868,-0.9333559311929868,-0.9333559311929868,-0.9333559311929868,-0.9333559311929868,-0.9333559311929868,-0.9333559311929868,-0.9333559311929868,-1.2434058932964893,-1.7553944348568282,-1.0447039937308378,-1.2770801294700704,-1.563294764552933,-0.7830762810004217,-0.6767433170442322,-0.4772697558295082,-0.4172506334447334,-0.3751829714433268,-0.361765218955557,-0.6175625641654996,-0.03371822219092755,-0.17710892358829283,-0.7970764134055676,-2.203973428350239,-3.318876379024927,-4.2996584372984925,-5.302475061872933,-5.138851717679881,-4.543157753562949,-4.87643602159429,-4.8133011854502,-4.3303295590086694,-4.210014960915698,-4.017013294558391,-4.239195716028204,-5.143165051357876,-5.465861534970941,-5.287843478652291,-5.207037462041498
-0.9334938461013795,-0.9336317610097724,-0.9339075908265582,-0.9344592504601295,-0.9355625697272723,-0.9377692082615579,-0.9421824853301288,-0.951009039467271,-0.9686621477415553,-1.003968364290124,-1.0745807973872614,-1.215805663581536,-1.4202173311704143,-1.3790998228657063,-1.0214235546169017,-0.26282137902677805,-0.09561142226813382,-0.41998796776469605,-1.0308270146502647,-0.4573124647215107,0.32239887548272483,-0.12493348982452099,-0.5895747855723534,-1.091443804408311,-0.02760012955457622,0.1502564207428951,-0.8642941423363377,-1.3082192018413779,-3.000431246968987,-6.4638213970717775,-8.045818355487881,-5.826061455864837,-4.770708469218381,-4.180542532504196,-3.92454759235995,-4.002190303134747,-4.212104988520931,-4.31022822596664,-4.87636603490965,-5.650846668777101,-5.7444942648193456,-5.911144994835142,-6.009412798676996
-1.1477144469457399,-1.1478548692576966,-1.1481382212851743,-1.1487124475508212,-1.1498834667141908,-1.152293204937157,-1.1573157810717698,-1.1679702324070378,-1.1911070322756991,-1.2428643236073984,-1.3628299810539275,-1.6521145202963778,-1.5361566743222275,-0.9262538703685709,-0.3330231500197995,0.007615172622686783,0.1752951110655421,-0.22026259397020304,-0.49143813300401473,-0.8538324792084816,0.1852232239515605,-0.3770181971866201,-2.108608812587228,-2.1959571428842835,-1.3129457193357368,-1.293346804242837,-1.392551315616709,-1.3279129825780904,-1.6809826613220045,-1.941738513863176,-3.5100474185175656,-4.2930414687409595,-4.222474175725133,-3.649027038652425,-3.4753725618584417,-3.9019944312297854,-4.43233699858238,-4.8994752532421675,-5.525560794910863,-5.6920871399986,-6.136040494067384,-6.751935794763819,-7.128609666066028
-1.3617946254781432,-1.3617946254781432,-1.3617946254781432,-1.3617946254781432,-1.3617946254781432,-1.3617946254781432,-1.3617946254781432,-1.3617946254781432,-1.3617946254781432,-1.3617946254781432,-1.3617946254781432,-1.6556964020519835,-1.035224482152286,0.002824756382963541,-0.03288523544132185,-0.8577210038572076,-1.1893323500741537,-0.2978780326070582,-0.4094797219494662,-0.20248025187660343,-0.3166792628616691,-1.1017218257316284,-1.289725810570611,-1.1571710449750872,-1.228934036244088,-1.751700138450805,-1.7449605834404156,-1.6818912974926121,-2.2436420913259942,-2.1253512775545547,-1.0271915677363588,-2.231971941615453,-3.048936878865193,-2.6763416013623527,-2.824014981303222,-3.0501018669011217,-3.9644325871834902,-5.187429574335306,-5.826282958294568,-5.849340365593738,-6.2365603869746336,-6.9086665529998355,-7.16666950805814
-1.362308164894999,-1.362821704311855,-1.3638487831455663,-1.3659029408129895,-1.370011256147836,-1.3782278868175286,-1.3946611481569138,-1.4275276708356843,-1.4932607161932254,-1.6247268069083076,-1.887658988338472,-1.5151481873921473,-1.4354261274242506,-1.0933283021061369,-1.2003701317934938,-1.1874956777568706,-1.0900719606226934,-0.8648353474222313,-0.6252228464147047,0.2597263642635587,-0.35675449955061705,-1.1971080673734207,-0.7818577428427785,-1.3180980536298812,-1.5131787092206357,-1.6508810893955248,-1.5200773647276231,-0.9325421797812524,-1.0379822463040744,-1.8401082574586356,-1.407581830145987,-1.9488686329620215,-1.9876887717200133,-1.7191033343695623,-2.0606378463961184,-2.6723374100187325,-3.388722884398518,-4.168078555569833,-5.358210270570875,-5.359005190591512,-5.316236687132563,-5.955234936095943,-6.081019442924495
-1.2904819276509425,-1.2909854069723505,-1.2919823055197188,-1.2939459223281125,-1.2977826150858702,-1.3051843780242969,-1.319173036169884,-1.3447057492672598,-1.388437365880617,-1.4538991703631476,-1.5188184930956576,-1.5621348720000314,-1.107794666594432,-2.0890575571208503,-3.0374008492810356,-2.442798375828876,-2.0065567294951254,-1.486136490077245,-0.07376911190519604,-0.09463542174988271,-0.753785709952499,-0.847356030165243,-1.9321703702967086,-2.902596435528821,-2.1564650367535267,0.1463793725254198,-0.27944401888578274,-1.4764514512485885,-1.4978170069653876,-1.6669983809686724,-2.687329929264177,-2.879732041133485,-1.9672159514116054,-1.584138224962708,-1.8155920349361367,-2.6758755316740017,-2.913537407119843,-3.1389992795656108,-4.505727381652563,-4.371775737511777,-3.5964257134902726,-3.8262606958258365,-3.9027169547903484
-1.2181522110854779,-1.2181522110854779,-1.2181522110854779,-1.2181522110854779,-1.2181522110854779,-1.2181522110854779,-1.2181522110854779,-1.2181522110854779,-1.2181522110854779,-1.2181522110854779,-0.9249994383444892,-1.1452532653163896,-0.8199043429161753,-1.4988582115457518,-2.940856500375332,-2.1657494903057004,-1.844932149803114,-1.3957747445611377,0.35666972052240964,0.8470840405558547,0.03775239327231731,-1.4699833212453612,-2.2018144026428477,-1.9002396183448556,-1.9679102010605702,-1.081735847418428,-0.5034343835936292,-2.0394955577893175,-1.9013524336965886,-2.6083918575190563,-3.604589955562155,-3.354167455424521,-2.4376786549551763,-1.965384209601948,-1.9615714303147067,-2.2648725887935766,-1.991040558306439,-1.677080519031861,-1.7849890545591258,-1.9296881125538865,-1.4106509946854469,-1.1499201005561606,-0.9129984430055913
-1.11874226107557,-1.1189482797111074,-1.1195663356177201,-1.1214205033375577,-1.1269830064970705,-1.143670515975609,-1.193733044411225,-1.343920629718073,-1.7944833856386169,-3.146171653400248,-1.9102855386009985,-1.2789726865469466,-1.3267040126865577,-1.3502534018227144,-2.126414424380102,-2.915384573301954,-2.253204776147811,-1.0503795421817128,0.4915594137710242,1.2837980231442392,-0.36886617698501634,-2.040189597853565,-2.0046831193445254,-0.241380505554482,-0.7788659216775603,-2.4027387900201935,-2.1377598342767525,-1.302653952259289,-0.18140709615701858,-1.8497267993028423,-4.056497212235617,-3.382153687146919,-2.4551705231264127,-2.164016197901737,-2.4252307863410976,-1.9518405304559645,-0.9426786820069474,-0.34814429031274435,0.3007681505161687,0.28679772587370994,0.25340384345194333,0.6242654070094328,1.3645920736051405
-1.0191262924301245,-1.0191262924301245,-1.0191262924301245,-1.0191262924301245,-1.0191262924301245,-1.0191262924301245,-1.0191262924301245,-1.0191262924301245,-1.0191262924301245,-2.744425313656313,-3.2554952153265466,-0.6875054242541111,-0.8201119117305323,-1.52112473008093,-0.942264621702993,-1.497043204376122,-1.5039430954182542,-0.22241267524597844,0.24042119041710594,0.3648075395118542,-0.42785639127105535,-0.5663802969656294,-0.6223043201051282,-0.6242964993066301,-1.0547537073547624,-1.327732456907422,-1.2897343467551918,0.23076480383837827,0.41287467184165727,-2.381425631192719,-3.580934453650212,-3.1073040696986367,-2.3599814403715706,-2.0356413243644864,-2.174418865112937,-1.3171040900046143,-0.16876065448471153,0.7876805448794454,1.3830443351770825,0.8499065839284436,-0.0038751518809108567,0.8799736509248983,1.853282501802069
-3.053474920344014,-3.0531831661367597,-3.052307903514997,-3.0496821156497087,-3.0418047520538427,-3.0181726612662465,-2.947276388903457,-2.7345875718150885,-2.096521120549982,-2.067307797946653,-2.8875209536939135,-1.6786281224855668,-2.095131771976688,-2.893032233848489,-1.3564151680226086,-1.1636746227743577,-0.7454199494042578,-0.5213265952699335,0.12755091774205127,0.6187822834066429,1.4464609510881972,0.6350267266708222,0.2130658523014001,0.0031298080680862684,-1.3566396354934027,-1.583888617600986,-0.43283771983546304,0.22576005924276926,-1.575128775769285,-2.4517618335608935,-2.5261480362919615,-2.5242468617761022,-1.8148781496955457,-1.3987404380545523,-1.0409350801851838,-0.9743389211542729,0.24462987649335785,2.2554850170844145,3.2217962192544802,2.5267975199316783,2.1037405413446093,1.358665633544259,-0.18890236648423878
-5.088115302465158,-5.088115302465158,-5.088115302465158,-5.088115302465158,-5.088115302465158,-5.088115302465158,-5.088115302465158,-5.088115302465158,-4.185761107845794,-3.895589506924613,-4.276533028125627,-3.3605179365228914,-2.939924323556307,-2.6906258529205056,-2.702128094063655,-2.4915870821429635,-1.9425119155369381,-2.7089148481751497,-0.332607058636684,0.9008804657264693,2.2434477569753897,2.680810466932383,0.8574961241757946,-0.27883093100263945,-1.8249379326896307,-1.600705230951658,0.2284345401770948,-0.4243951486986776,-1.3450652572546649,-1.7072681680460942,-2.0268933519585435,-1.746810366547699,-1.2255248842888482,-0.6585619332951831,0.09562890225388199,0.02099905591787291,0.7762932081524476,2.2467141815149994,3.835816244047809,4.655316002604101,3.4503757860413624,2.3601073796497825,1.4043156419371758
-5.070657334182183,-5.053199365899207,-5.018283429333257,-4.948451556201357,-4.808787809937557,-4.5294603174099555,-3.9708053323547534,-2.853495362244349,-3.3501500561728483,-3.7491814560821695,-3.363862996805937,-1.7617057570283927,-2.3354853627406147,-1.3932792693456062,-1.526251612695574,-2.763435528551678,-2.5721339031037336,-1.8986336562365775,-1.1620386400370109,0.012754015028755472,1.1013577766947402,2.7600626954218708,2.7022319536872996,0.515786309739113,-1.714469631710174,0.4223694474125299,1.7638378896244296,1.338634981005338,-0.004713517315214477,-0.8713447635886697,-0.6295741937002196,-0.09911917615937578,-0.042119447431429015,0.11113284693839462,0.6508139550162209,1.134272217801752,0.9078982832637256,0.8673681106607322,3.113127457322824,4.193079155569278,3.391810906486008,3.1236876894641834,3.508588884396272
-3.061347713298621,-3.044615785870144,-3.0118779718676882,-2.9485804664262703,-2.828519823233917,-2.608001639920658,-2.2257745825084814,-1.637748395327154,-1.7768429361347657,-2.261079951987886,-1.7984116287871805,-1.8490905232408865,-2.531836300310277,-2.042064750672359,-1.9655960197127322,-2.2934458991777706,-1.2991781371696136,-1.725277393897524,-1.82125212947473,-0.4435404988044977,0.6519221410444194,0.7024832460681565,1.474380690046509,1.3050008222316383,0.14030754054679023,1.5208677849531573,1.086730947984858,-1.5354391891680297,-3.0481477714043046,-2.6748007622272727,-0.3064871346333201,1.253519283068302,1.094562696205299,-0.2851235550513727,-0.8337594831067632,0.32507482204835,1.289722788998178,2.43320632782972,1.6445176180997298,1.7569659389504126,2.1805576098607977,2.7419792684366087,2.8621478250866312
