public/data/weather/current/set-grid-wind-0.25.json
{"header": { "parameterCategory": 2, "parameterNumber": 3, "nx": 277, "ny": 139, "lo1": 91.5, "la1": 19.5, "lo2": 160.5, "la2": 54.0, "dx": 0.25, "dy": 0.25, "refTime": "2025-06-30T12:00:00Z", "surface1Type": 100, "surface1Value": 100000.0, "forecastTime": 0, "scanMode": 0 }, "data":
[rows 38 to 56 of 139, columns 43 to 85 of 277]
-0.6759956306090869,-0.3704052513366567,0.10032002297114971,0.07582088078439457,0.11273387122850922,-1.44515155127868,-2.483249671344745,-0.8863977158568637,-0.8430884314825464,-0.9673649631474044,-0.9797459104472357,-0.9000576341023122,-0.846750844860496,-0.5795756741362152,-0.35336197546144177,0.11016038313528848,0.1638469429522069,0.7952619978025173,0.944812119458033,1.0208339338428223,1.3127802757493958,1.3971671487945232,1.1244175856828384,0.6427984290064755,0.30837873289575657,0.08335801787955496,0.23808317366074058,0.19611672862641455,-0.21476823917526616,0.24005060057537667,0.7413061021161509,0.9728414071330815,0.7917386935765306,0.051790635204263136,-0.4678360678871968,0.18432947920169832,0.652808963385588,0.6979719129921509,1.943643358218512,2.754369492813029,3.3086071998563487,3.6819571520414995,3.704418196836002
-0.38318586549792677,-0.25934264414289976,0.1732304383688327,0.06556158432328452,-0.21905357320913066,-0.7578075817884765,-1.8425094772503514,-0.6538646737366594,-0.6439102247847651,-0.8948056037477996,-0.9914048901868027,-0.8558367831517616,-0.7574321842259679,-0.7014337880056324,-0.36685533663402936,-0.019535672210191105,0.010643628110341585,0.7085035524839958,0.8538005260256817,0.9390597094429112,1.076993115050178,0.9596797403725215,0.9552244483060177,0.49837401525754904,0.23055659021848154,0.04761408310105278,0.26101070936845605,-0.18798986779773794,0.041458679252350694,0.22026261149223833,0.7203054810971689,1.0340673558632296,0.7981756512549756,0.0963173788800399,-0.44091589287065197,-0.00786733445406356,1.3052161876622224,1.9666315860267423,2.2815228305221167,2.934293547321096,3.6351949278570124,4.0157673086439,3.9522279943264333
-0.035920593900592324,-0.07467947489063417,0.20501127220166948,-0.08604454362129949,-0.29670216659983983,-1.171522738362943,-0.5540830072444535,-0.6000510383894021,-0.7663583112172967,-1.0551136704777229,-1.0719529287346505,-0.817751248700991,-0.6257073208859814,-0.17059684410553427,0.05311165214214095,0.2746185508679463,0.16727188028805404,0.33311333712653013,0.67010670150532,0.5950026621000669,0.5340242469931619,0.40933424933936724,0.5930498606093438,0.5591542420604961,0.45280059038497206,0.41866731941324636,0.45687274345729684,0.0719869387886403,0.34833021249016854,0.7312011788009187,1.2623644135426373,1.1936244708809445,1.203334625536029,0.2544553449311454,-0.13820170222780384,0.1792419641059408,2.084761212628691,2.0109452848692926,2.5890602569160173,3.032355972917489,3.7769253484266576,4.1126427035923685,4.04743847759174
0.259757422493892,0.2206856970601325,0.3021201225272815,-0.2175033752272539,-0.3731598286149114,-0.745993160420219,-0.4720248063792052,-0.4429753251720707,-0.6428891509010435,-1.0049860899399745,-0.8614369593446523,-0.6333786430452927,-0.36287720914702215,0.018578203529799983,0.47528023844018114,0.41787520918022564,0.23541801265769724,0.32061837644895874,0.39332377956264886,0.3023278648488145,0.1648976957263432,0.031551461065890886,0.4484865027314944,0.618467649424932,0.7246982663758812,0.8948432158069445,1.0057114081720138,0.38354525049899346,0.6238520333423996,0.7692598115893754,1.1897260356232442,1.274731488581882,1.1177677698990793,0.626543238391912,0.4790289257983458,0.42823527213168355,1.8300438088904316,3.5706361553722847,3.0314169393551706,3.779374159640076,3.8446720936098235,4.039166384523709,3.89789759159457
0.8416778669355051,0.39554471810999065,0.012755247307503149,-0.25436486397223773,-0.3494952716180686,-0.44745202175643234,-0.31331928209298227,-0.2517454243695879,-0.3572368772748322,-0.4318972529814527,-0.24502804925691501,-0.050391446126222095,0.022191830006386255,0.12805702156150217,0.4521759841540327,0.47195216089797354,0.24743831573349714,0.29248058020665,0.3177487669524691,0.1413730748767635,-0.0748753441958718,-0.2353205195957559,0.02625485026264729,0.2354066337196087,0.932681609886676,1.3483329037662628,1.0109267366830057,0.9849871997828126,0.7006171973296147,0.6573059800787175,0.8473593076827166,1.0570734334295107,1.3664617270864943,1.237188132321662,1.2918472006866935,0.8340023170446824,1.3726758644603956,4.71608103144503,2.886011200807313,3.640661373099064,3.783222481848851,3.568843437031986,3.4516512250027254
1.3701013225002816,1.2175577969923999,0.394469695628088,0.1228990326274361,-0.3230043721286927,-0.22707412417991832,-0.13522073246242025,-0.08159417695672,0.07753181564966172,0.033191519799687735,0.33944989168323514,0.6546490777909331,0.5371410849909801,0.3175179192945592,0.436428012377755,0.45277993094128705,0.1927269010380009,0.28411686169167516,-0.006534868614066957,-0.23991687175375773,-0.3484327235843024,-0.43500798200457436,-0.27847748339209416,-0.23744910016650686,0.36559311360088964,1.0113884683244316,0.7046754350109332,0.6183873209865886,0.5524973171325911,0.4415519328785049,0.724657524802292,0.9969554935403058,1.201485218133758,1.6639003631215483,1.3830909786389203,1.0018884097816534,1.1330876347524226,3.8204990797891307,3.3855647770613504,3.4665112903449877,3.5648278203828445,3.374485855677532,3.112392202135002
2.215458855217106,2.288908752368548,1.1472354516202807,0.6381956905130597,0.16159760491683434,-0.0413919023396297,0.08110465337993954,0.26769318017875027,0.4268117419376172,0.4929605633495796,1.0553178057049988,1.5046777832498814,1.1542055128720417,0.681548577058279,0.6552714457898283,0.5359690637720984,0.1869242098169701,0.0019752972871786637,-0.2349095813143172,-0.439669572949631,-0.6439306963830056,-0.6659924954620428,-0.49208972285013036,-0.43656863901342524,-0.3304235722200826,-0.09563455004527188,-0.3101343507915422,0.2313893320200173,0.21862045146837794,0.3981185334515414,0.5899318321861016,0.9806722051536493,1.0823893333713752,1.3146648284890248,1.1584474199432164,0.6573727086905886,3.0000110301691314,3.7499325888012613,4.425553516388142,3.323716111258191,3.5104099420404165,3.4100628304580893,3.1893572867992246
2.4431601645959473,1.8404940915827324,1.136474450247856,0.6404074185801845,0.36437231431597134,0.29111191945089515,0.2922334366223466,0.3950620181549424,0.869061408572477,1.2281567497551438,1.6861459194316188,2.2180541842498895,2.15905416923956,1.2943708378522165,0.9671401299511806,0.33656607939878946,-0.13884496651308081,-0.2076329218513243,-0.4860290963280706,-0.813065214001917,-0.9157886271558645,-0.8212886712483014,-0.5735200756944192,-0.5651589242031763,-0.5851178328427014,-0.7462105401471737,-0.9471758202518248,-0.5068794384244102,-0.17695015347027096,0.34236991727318106,0.8851837543689454,0.8791771991587624,1.0175282756182482,0.8686359531444463,0.34356656738378244,0.14816295026676427,2.33829764922407,3.753666728858642,2.9023980556019295,3.102123312760373,3.437735467169854,3.4526396694036525,3.279375877297703
2.599715717770674,2.0678639360860376,1.7379932719442077,1.0292179899304368,0.6789586465826352,0.5895528869828108,0.6288253187079608,0.5248850731661505,0.992236146933796,1.8644591076668997,2.5281351492070745,2.662564802476816,2.206616462701902,1.79823041638933,1.262904968671056,0.5041859395872894,0.11233950199427688,-0.200269040922256,-0.5252215178459152,-0.8889490011224912,-0.9360529771294539,-0.8104539686254552,-0.7107495143907114,-0.6654291492621593,-0.765232281836434,-0.8181795670745448,-0.9925202803966854,-1.0294966352560688,-0.5978871539989166,0.03732581219646031,0.4456642822225996,0.6333245614942067,0.6140379562474645,0.5094209446798412,-0.1625938348333793,0.03590060447792334,1.8362634115926038,3.190693505213101,4.624178804746454,4.48413283356299,3.9849339214350388,3.5361290877068567,3.371205164888769
1.7132530658281475,1.8207946711259642,1.8602744251292234,1.395858544074176,0.732691395101322,0.701134116188119,0.3968141881166689,0.4904777634037628,0.7088738695390409,1.8109904319132093,2.4724499144638123,2.6704504714789485,2.331400194204515,2.204456869935269,1.7451895038910703,1.22568654973157,0.9200326900010904,-0.1805612259860614,-0.5279822899540638,-0.7161184473516673,-0.639898900117674,-0.6572623976525568,-0.6144986066415363,-0.5097409321808871,-0.682709769298419,-0.7687551659178863,-0.43268516559659276,-0.7320558161105998,-0.7339856474791374,-0.2410772665970668,-0.12569451880160276,-0.2807289254981062,0.2958780431975615,0.25673132788894154,-0.16973325682819534,0.3093451963574011,1.8257855787163881,4.450761243149838,7.062066437309374,6.225295295310093,4.5595692197948186,3.7844584392105496,3.5600170515683223
1.123904758268852,1.3983758909312747,1.5030613028744635,1.3845754766382157,0.9782685045085949,0.8212592201544966,0.5649635846014581,0.3313379227931911,0.8586777830179577,1.4784141267943338,2.0717153266248824,2.3073675923370653,2.2440769727019405,2.031178578120679,1.792197541823315,1.6345513849017033,1.5339176022454997,0.3507548451673316,-0.18848298818826528,-0.32446653953200505,-0.2501617783370182,-0.0951794723087681,-0.41127988341425015,-0.278105282392505,-0.2115825999793705,0.20337244805052704,0.6400541308621382,0.01680351830830646,-0.2163729463966577,-0.6269165545368437,-0.8434835805543398,-1.4552412696205461,0.18783263586140167,0.39135958050655884,0.3238732501010226,0.8610708713146316,1.7353857641681851,5.280663686403337,8.145547979870353,8.559227277190203,4.2435892232235926,3.976297431288643,4.708632116849316
0.06317791922071408,0.6555095219227101,1.2524949151726898,1.6611135550956284,1.427710528239974,1.2204724036031513,1.1617565857079926,0.5251996369093975,0.9160852129452647,1.5668768486529283,1.7440130355070025,1.9549699805810776,1.7211526844191005,2.0831532648060325,2.0834513617144084,1.9864038458064288,1.5738317016748682,1.0732928976283957,0.5406840283574476,0.19338223946346228,0.13581857955162444,0.14244335941614725,0.03250958767761028,0.038309468793391435,0.16761184629075734,0.8538166844905896,1.241210802481671,0.37558870487834506,-0.5776523399242974,-1.0599047542069053,-1.6428201619724399,-1.8517900510404448,-1.0108731076051896,-0.28534587475394485,-0.04174317676631832,1.0756792746319173,2.6214690779017573,4.690006980739678,7.565599288075375,9.024564197171777,4.723383998363272,4.379474398842949,5.032659054688897
-0.9256348590808988,-0.007090560454459627,0.8691772831120891,1.5460857108085466,1.5390240770433392,1.3965033603596462,1.1262684770449443,0.9038669232117419,0.6881753420179463,1.384282855643954,1.3824899861691218,1.3362361334179653,1.588104909190604,1.8895100811517396,2.0385403684977845,2.0553070315680375,1.9462843348350845,1.2367138257560104,0.9966756589202346,0.5145232771644888,0.3052444717052528,0.2893978324362847,0.36056540591515257,0.4730076683529138,0.514690888165181,0.8053082837474922,0.9476756497187722,0.5986552873665472,-0.06665538936115459,-1.3922299603940411,-1.4945711050851098,-1.5035476653302178,-1.5937647990336308,-1.4942220455410904,-0.6119685334284379,0.07719468103762772,2.984804292067249,4.858145200613418,5.54565738673237,6.455079904918712,4.946685229140113,4.403028287860519,4.091438241844683
-0.42387270892158585,0.0871886344164237,0.5138796840743173,1.0277285663598288,1.4664955781228413,1.27012239487343,1.0429470389003963,0.3415461617406863,0.36066200268019954,1.0262878821224957,0.8399904282879296,0.8736909596907616,1.4055207377736114,1.4884315736305958,1.5978144047219849,1.5929289035679104,1.360719917691251,0.9306024116403266,0.2889678607975006,0.06534873299048931,-0.049936140127037176,0.09661076021854458,0.5098512125238388,0.6446396858952591,0.6128357542695609,0.6764370143813887,0.6743753976123817,0.6776558349677263,0.1082507301875863,-0.7073833160047774,-0.8289610255364642,-1.074064706161686,-1.236032282261424,-1.523771471257511,-1.3213584725534477,-0.8506438246195046,1.202325233677408,3.312595555462213,3.3038051533219743,4.79401203414294,4.623151044188133,4.118337493283455,3.5841409906370427
-0.5803171060804643,0.265838122967423,0.5758467403694768,0.7196855420029038,0.9948581850233894,0.9475391201715329,0.848267459210429,0.42840334561350385,0.363639978634608,0.40685144972629134,0.2678893128170821,0.1985388965717125,0.7134786480815819,1.060881070875048,0.844048252037964,0.7423637834801173,0.4826105322875907,0.3111227933816188,-0.2710501321533925,-0.49216006587299493,-0.2263614522406685,0.08996793000127185,0.46655411453566176,0.7151531243306574,0.4689828512080426,0.5530281482587407,0.39573309138164003,0.40260400962388065,0.28110147648766637,-0.2119968700784922,-0.270767449670685,-0.5678604304673213,-0.9422436576050527,-1.3567778742821595,-1.5392164092246572,-1.4216251128527828,-0.06440084992584653,2.3912247320979594,1.9317875295409972,3.230179475805035,3.703756814279113,3.520897073031497,3.16710094103971
-0.4739093640698247,0.00964230000825187,0.1141084160907063,0.28030867625892014,0.5339847569461962,0.6218664445423272,0.7917883195141513,0.486989382965095,0.25864311651843713,-0.03632464389551482,-0.3546373409987725,-0.20345110078277223,-0.1328563393872775,0.2885281175375744,0.1121197059457193,0.04986744602700434,-0.2748573046352366,-0.1066872458841711,-0.5723055255963042,-0.7240079217341172,-0.5673993581704846,0.023068297491549546,0.29114612831275405,0.6046342815006024,0.4312654531582756,0.41744264264664577,0.2819692036790712,0.2559256356584898,0.2900292056933202,0.2293273665834562,0.2464595159553445,0.05035205395722907,-0.5249282798848589,-1.421879959041417,-1.6502685488409465,-1.7869860572091907,-0.9180097771980928,0.6010657832653411,1.4010172300860706,2.49116152525709,2.686833532079254,2.8655440123325997,2.7939744855415385
-0.05259266647680674,0.009185615953951287,-0.11814652498872055,-0.14661933449425876,0.23890572196014823,0.6144778990598806,0.49156736424925723,0.4105996659436139,0.2532422506164895,-0.12701602996249062,-0.47834341904856936,-0.5248496193167514,-0.365621683107593,-0.4412440615589391,-0.35729690758112653,-0.4380942313661115,-0.601654983806761,-0.5291539120119401,-0.6482606074611273,-0.907239221715595,-0.9579621491616616,-0.3976744479152391,0.36184082493052705,0.452295921588183,0.4233004858439696,0.5220122649922653,0.5646093296177629,0.22554546892509192,0.3937623440436684,0.5066798849096986,0.4438024468269924,0.4995661085006236,-0.15997966196284494,-1.409205633192289,-1.8529917698885208,-1.3881029143139307,-1.022579303420392,-0.643394709558672,1.0793010587461889,1.890741621462567,2.4820417500476664,2.4604709586781106,3.1459604667158656
0.24602066007955858,0.19783935527308058,0.22076660522004268,0.03407880765167118,0.02808915222922961,0.4773013682734145,0.4429187363376342,0.3375649959128148,0.26696232905946954,0.09813757878786562,-0.1475808241837469,-0.06903317872705926,-0.363536712167404,-0.43441221862353663,-0.46792061002866847,-0.8266237663442285,-0.943233388810527,-0.760012810895701,-0.8675618456978409,-0.7818150275351028,-0.7535120689271062,-0.41616068576638204,0.10716999596269888,0.4194080940776328,0.8258631311478709,1.0273144816884459,1.088124992347478,0.46762292375957887,0.6264346676769316,0.6217794442477059,0.5225042779423029,0.2286512148290106,-0.06919766697664419,-1.4599554141255293,-1.9617709058361898,-1.7463531030083297,-1.140809812610873,-0.14406833616956558,0.7988869394919135,3.332984959318943,4.843216916372613,2.926303293324287,4.074397044721901
0.6567779044963158,0.7123564450013112,0.8137768969427925,0.48575845467539497,0.25683826823142275,0.5610607203634341,0.5204805735313623,0.22977925231054158,0.24083514360545633,0.30656168684874036,0.2861562070335313,0.516387333089793,-0.02087518113629203,-0.46494749073913494,-0.9375623812899807,-1.0268732474709892,-1.1486921215711154,-0.8114975160212852,-0.7485287129420081,-0.5989469737998692,-0.1816509347216074,-0.18959311349905028,0.029032279990838586,0.5263875325482891,1.2066138013224301,1.6732575382661694,1.7209883215082897,1.024923494058554,1.0653235855840608,0.8682516688529206,0.5095304521565063,-0.038267860150239884,-0.6886682770317165,-1.5630561630540867,-2.31063121295099,-2.5322869617340196,-1.6150152943868874,0.4090442379993691,1.3149836693590329,2.8973345089096303,5.8835728627984265,5.309674048593502,4.150605021972998
