public/data/weather/current/set-grid-wind-1.0.json
{"header": { "parameterCategory": 2, "parameterNumber": 3, "nx": 70, "ny": 36, "lo1": 91.5, "la1": 19.5, "lo2": 160.5, "la2": 54.5, "dx": 1.0, "dy": 1.0, "refTime": "2025-06-30T12:00:00Z", "surface1Type": 100, "surface1Value": 100000.0, "forecastTime": 0, "scanMode": 0 }, "data":
[rows 0 to 18 of 36, columns 0 to 42 of 70]
0.4707737265448253,0.4707737265448253,0.4707737265448253,0.4707737265448253,0.4707737265448253,0.4707737265448253,0.4707737265448253,0.4707737265448253,0.4707737265448253,0.4707737265448253,0.4707737265448253,0.4707737265448253,0.4707737265448253,0.4707737265448253,0.9303363615778929,1.2264037944560504,2.047867128550637,3.4366255046185485,3.5107801528142586,3.5107801528142586,3.5107801528142586,3.5107801528142586,3.5107801528142586,3.5107801528142586,3.5107801528142586,3.5107801528142586,3.5107801528142586,3.5107801528142586,3.5107801528142586,3.5107801528142586,3.5107801528142586,3.5107801528142586,3.5107801528142586,3.5107801528142586,3.5107801528142586,3.5107801528142586,3.5107801528142586,3.5107801528142586,3.5107801528142586,3.5107801528142586,3.5107801528142586,3.5107801528142586,3.5107801528142586
0.4707426844505274,0.47071164235622953,0.47064955816763376,0.47052538979044223,0.47027705303605916,0.46978037952729296,0.4687870325097606,0.46680033847469593,0.46282695040456656,0.4548801742643078,0.4389866219837903,0.4071995174227553,0.3436253083006852,0.2164768900565451,1.3898989966109605,1.5224712273342078,2.8693304626452236,4.82538388068646,3.5849348010099686,2.945054964976622,2.5196340067760965,2.1990263192404007,2.5967848413365875,2.956310492635984,2.78135733073031,3.146068741772284,3.3284244472932714,3.419602300053765,3.465191226434012,3.4879856896241352,3.4993829212191967,3.5050815370167276,3.507930844915493,3.509355498864876,3.5100678258395672,3.510423989326913,3.510602071070586,3.510691111942422,3.5107356323783403,3.5107578925962994,3.5107690227052792,3.510774587759769,3.5107773702870135
0.5817495461914953,0.5817184253690243,0.5816561049959091,0.5815312280651598,0.5812807656501032,0.5807777151593162,0.5797652371957217,0.5777211503224704,0.5735755837377813,0.5651122720538431,0.5476691131422872,0.5112331886881372,0.43371251988672227,0.26472472260454744,0.4228007657741642,1.15859727014736,2.1538140905968266,3.1538668000358463,2.5401035337890923,1.7394499411056397,1.1030669025374094,0.5666647981308458,2.0805480519551023,2.761366483757108,1.8769813467406864,2.1440276939231455,2.470354778528358,2.73419536264204,2.3265950026498268,1.3698707522202296,1.5581307525634054,2.3109014433134045,2.781179125098794,2.9790262270732506,2.7398316882678473,2.2651760687818503,2.051406975118159,2.0197643089632944,2.050250868537739,2.1019380601567357,2.0787060412014715,1.9541298361904473,1.9071389067375517
0.6927875287549341,0.6927875287549341,0.6927875287549341,0.6927875287549341,0.6927875287549341,0.6927875287549341,0.6927875287549341,0.6927875287549341,0.6927875287549341,0.6927875287549341,0.6927875287549341,0.6927875287549341,0.6927875287549341,0.7563997575862926,0.8146526519408679,1.39843939154844,2.0596958545891586,2.211771653878599,2.776037598076755,2.352769938495208,1.3837447664466431,2.000237013740484,2.7774587617264466,1.8013093323519977,0.8288898348729259,1.4090329932564662,1.9386121943686567,2.312629009343996,0.7803984188734279,-1.7049684356132733,-0.19486141574920993,1.86949204036008,2.524705087067484,2.6465440572560825,1.7304010118907243,0.5452725287507911,0.37844278550204147,0.4971948398293028,0.620252664271583,0.7448054193361694,0.6234110407423997,0.27290887961010085,0.2565095137351945
0.6927190266442222,0.6926505245335103,0.6925135203120865,0.6922395118692389,0.6916914949835438,0.6905954612121534,0.6884033936693726,0.6840192585838112,0.6752509884126883,0.6577144480704424,0.6226413673859508,0.5524952060169674,0.4122028832790008,1.392495241961316,2.0876930479823237,1.2893487466648734,1.8133929969087041,3.4548613257522183,2.169375651858316,1.0174173543269,0.3558589228654979,2.3401608655449,2.2027944168113667,0.7887727346660517,0.9981416655919317,1.2535946518441388,1.6566629702960554,0.1417032649289877,-1.5371245742584474,-0.9269281901609834,1.343439888552954,3.4012223129657078,3.268380509435714,2.7069247220487935,2.2731413463917542,1.2069837132041576,0.4775866213996628,0.22196044018996614,0.20028319219700869,-0.042639642008424114,-0.4839862374427676,-0.5627540092536462,-0.3411354344796147
-0.05064350927336672,-0.05071430886647441,-0.05085820553508552,-0.05115289131949503,-0.05176294022987602,-0.05304507007532384,-0.05579542584027694,-0.061854425592355454,-0.07564728976302953,-0.10825761210392885,-0.18855203878438095,-0.39436223814124566,-0.9416466748428562,-0.01666638156653706,0.33228433560513404,1.3571185977384146,1.4787619317971132,1.7540344790305296,0.95274143119114,0.5761182157160605,0.23844964880069655,1.1199267877049197,0.6540852338146699,1.0883348443564689,1.406660632956841,1.3810124692955892,2.0257771303983487,-0.0705991692238776,-3.0735062315742714,-1.7023748258515763,5.249054466202903,6.657386731104486,4.2368662224595575,2.8128361267603976,2.4428960192424443,1.446126489570301,0.1337808685530351,-0.8998731521542783,-1.1989006909786217,-1.6567054152896425,-2.251827808045241,-2.039913889833633,-1.877781721091066
-0.793935245597848,-0.793935245597848,-0.793935245597848,-0.793935245597848,-0.793935245597848,-0.793935245597848,-0.793935245597848,-0.793935245597848,-0.793935245597848,-0.793935245597848,-0.793935245597848,-0.793935245597848,-0.9342687016714167,-0.4031433744160878,-0.5095175905816312,-0.3683752719619545,1.4265567579726053,1.788966549091026,0.5602616591512087,1.076996715948995,0.6459276489198669,1.865147655223816,1.4256773220248837,1.4472611246146037,2.5981746653142745,1.7761710698813067,1.2920404516989692,-0.15120375848239553,-3.484601116571246,-1.5797469695093678,6.318725200423555,7.086406112236991,4.632375206998739,3.473091662052769,2.575036772324416,1.5783049978784818,0.1146976584648692,-1.1346327137894623,-1.5094253644604385,-1.9404358428547566,-2.1107454747617633,-2.507607328801295,-2.846775272432739
-0.793701075123836,-0.7934669046498242,-0.7929985637018002,-0.7920618818057525,-0.790188518013657,-0.7864417904294658,-0.7789483352610838,-0.7639614249243196,-0.7339876042507911,-0.6740399629037341,-0.5541446802096203,-0.3143541148213926,-1.15472047257983,-0.8673724024873048,-0.43236281073755584,0.09059252589333769,1.5360766884841284,2.571482044701204,1.2004418280181737,1.2072285207695006,1.1050494388937564,2.1118714058754673,1.4095933725707424,2.488391392795017,2.4571080059196784,1.0135852546352422,0.5205688487824424,0.471159074092416,-1.7930590217136866,-0.3635430293227152,4.592969309928858,5.167580079328747,4.4620873859138,3.70144987329981,2.459860005082276,1.3719238736131905,0.3366204952386735,-0.35795766050852507,-1.095265271673623,-1.2017922394684732,-1.1766778398343771,-1.9985117090614362,-2.5819244140205804
-0.2649934105043232,-0.2647623485990149,-0.2643033333571019,-0.26339462857938695,-0.2616051961422898,-0.25811026262309383,-0.25137218964969726,-0.23865142589788957,-0.2154760449792306,-0.17592372289678215,-0.11721439799649382,-0.06098170598974267,-0.8998648052821342,-0.6757370224259166,0.8360036505447896,1.2800316606793423,1.2433648244028983,2.1738115223824757,1.072356950244454,1.144639339144733,1.6344901140881525,1.4078519884800593,1.0169144750090768,1.4156789289634586,0.8504123552625615,0.5420770229612047,0.7465591407965034,0.6293845389565464,0.2164079061983694,1.144595841286386,2.716521010402219,4.039913446704998,4.01465560439381,3.169625713204061,2.1953185757311733,1.175520310859973,0.32466775799714137,0.2704147914292937,-0.3633910883213266,-0.8011621642135831,-0.5504728547444946,-1.1802242022057756,-1.8773602417116861
0.2634831922098815,0.2634831922098815,0.2634831922098815,0.2634831922098815,0.2634831922098815,0.2634831922098815,0.2634831922098815,0.2634831922098815,0.2634831922098815,0.2634831922098815,0.2634831922098815,-0.22640356261154926,-0.71817387246276,-0.8318000768012174,0.06421113776045623,1.4060057117938594,1.4603062413794596,1.1052660055860957,0.6497375468662967,0.49175309930425654,1.7286010835980834,2.215017885706697,1.8516179523950933,0.48198257900176267,0.009070288703902179,-0.06272835297206122,0.5783919942264226,0.14157792948399867,1.5093967684337375,3.691976667507689,3.3165330896246408,5.068807519972559,4.5559343742554095,3.4313564347230483,2.5809502823398844,1.4164313704455491,0.41935640847543065,0.72067530458343,0.6224267220262388,-0.043039190246982204,0.08818244413673018,-0.4082866482726046,-1.2731159408982098
0.2642109424578247,0.2649386927057679,0.26639419320165436,0.26930519419342724,0.275127196176973,0.28677120014406454,0.31005920807824755,0.3566352239466136,0.4497872556833458,0.6360913191568102,1.0086994461037389,0.0669081438457466,-0.5533461039496086,-0.7836852574970758,-0.26962282466894394,0.3439084664555045,0.660235271412404,0.4326676481833902,0.6570291260993231,0.6247253790484156,1.853618015974036,3.794735689763783,2.8645992985741655,1.7194482185358129,0.7923016111870701,0.2655309412674979,0.37640778785952334,-0.09498824653292151,1.0451285584475132,2.559612048702427,4.77194286532275,6.99357654606752,5.732262500210768,4.314377706490695,3.241983381032516,1.9927967094745132,1.0981255169425126,1.3097471423076634,1.5794552705565936,1.1527821128487674,0.8780723734010031,0.5247661183815493,-0.11231653093810781
0.06823042110898143,0.06896973480718903,0.07045992565386859,0.07347499769802084,0.07960921283870472,0.0921898562772106,0.11828778262563673,0.17329355373673208,0.29173485120165205,0.5539067118596798,1.1541182303602986,1.5572165636428539,0.1193436674825637,0.7588335926324081,0.9207997113634805,-0.09132527483923969,-0.4800430210837395,0.05407831871131146,0.3711198756539697,0.9261434094633783,2.7310147767688977,3.4226812917849507,2.667238860391153,1.9922056242927684,1.7437270971319236,1.876496342389235,0.9161046453404755,0.3825932817453758,1.168808538573091,1.2223831078182907,4.763207626484299,7.867228041792323,6.4242529714042735,5.333955995837069,4.040491894447818,2.989743811968414,2.1424823742241683,1.8265795840213768,2.3839593668072028,2.0759583300621784,1.6445694644623885,1.6591357499105481,1.21407977335117
-0.12848941393806945,-0.12848941393806945,-0.12848941393806945,-0.12848941393806945,-0.12848941393806945,-0.12848941393806945,-0.12848941393806945,-0.12848941393806945,-0.12848941393806945,-0.12848941393806945,0.06505427903787751,1.1189256941732684,0.9488936327404807,1.4948963173609155,2.0454061445321865,0.626866514925495,-0.3154601814077786,-0.128744345521637,-0.5569340941474052,-0.10408025783611205,4.231386602001957,5.2819003388951495,3.3144197366025687,3.9593074213845303,3.261152277012088,2.504903143796275,2.416486394513456,1.3389843661420195,1.6668598795974725,2.1224244462754345,5.41735393234109,7.579833273662879,6.619799720657165,5.904405029092046,4.805497085874002,3.7763786515058935,2.6189164423224365,2.109119571572784,2.462415997482428,1.76198172533953,1.8267237726815542,2.9404021459539034,2.4099890180483223
0.6117356979023906,0.6117953528782011,0.6119743178056324,0.6125112125879263,0.6141218969348078,0.6189539499754524,0.6334501090973863,0.676938586463188,0.8074040185605931,1.1988003148528086,-0.38859162255826646,0.13088278904173622,0.8264833772409262,0.37475477271479785,0.6257852346953928,0.2614049579365647,0.16626028796960626,0.572423566723165,-0.08687680640480698,-1.2711048576835533,1.9112947066276162,3.3732292472795895,5.4231510209323135,3.590474329845846,2.487091334217288,3.039952950720832,4.069832037887612,2.716592507955256,2.7808165253004122,3.8093152274830504,6.317650750216046,7.458724977620047,6.601614353018746,6.0737189943376375,5.1944343221661935,4.28079776297914,3.253756206984655,2.39238099815795,1.56118840904112,0.6665006070437254,2.3314603509023932,2.4790474975964196,1.5400369406449996
1.3519011547670403,1.3519011547670403,1.3519011547670403,1.3519011547670403,1.3519011547670403,1.3519011547670403,1.3519011547670403,1.3519011547670403,1.3519011547670403,0.9746130957111888,0.8172227402531761,0.6857618500359794,0.5610360351202545,0.25914184777754967,-0.25215842865674676,-0.8285460347766277,-0.04032059115558714,1.0408000795370809,0.956443033872333,-1.4043732303608127,0.1649764887582014,4.1983386789935935,4.684032031417506,3.5151958397615783,2.903260689593015,2.6911252978846822,3.330410268577692,3.30326383150307,3.048246801017343,5.425926100416972,8.084004992441674,8.124101397483544,7.125132869977187,6.450424156147522,5.423858855948523,5.178216896547304,4.5572202934608566,3.164315799323567,1.6882599462323182,0.34080204051035196,0.7533175084377188,1.1417555598277234,0.6217588583339156
0.3823132171271513,0.3825608044606142,0.38330356646100316,0.38553185246217,0.39221671046567025,0.4122712844761713,0.47243500650767417,0.6529261726021831,1.1943996708857099,0.9585394906247094,1.927786283785135,0.9736809675469243,1.2502698229641567,1.0666024399038654,-0.11269868818209132,0.8085507201449926,2.3212926078944984,2.048312052904797,1.22542172846363,0.00719224837598631,-1.2592274467487148,0.17925622083695314,3.7241266739814107,4.636773601095905,3.463958029916358,2.536054529805819,2.7055429840208514,2.1672034324971543,2.585853010290653,5.738606577977909,8.055079987961076,8.272940238503109,7.605151662728172,7.058366139216798,6.461782114736608,4.545454005995574,3.4537366526426263,2.523340517578833,2.033620089794747,2.128742098431223,2.57221586090724,1.0309641962741145,-0.010423977585778996
-0.5875223078462007,-0.5875223078462007,-0.5875223078462007,-0.5875223078462007,-0.5875223078462007,-0.5875223078462007,-0.5875223078462007,-0.5875223078462007,-0.331515850092119,0.4955935745866261,1.898795809036503,0.5768169477745514,1.2902970368624371,1.1881630063381148,0.0043169925382011065,2.099393603501337,2.7378182958178567,2.510643235576218,1.5790688487670528,0.974204438037354,-0.33938343809569876,0.11657977637833562,4.679067081344489,5.108550839133917,3.4193968373275254,3.186289215503053,3.5866435471738476,2.2582326150136955,3.0181721963067436,4.837543875478252,7.7062744512519,8.060295974858223,7.891353798835243,7.761541121708774,7.0515797972883405,3.513231812409753,1.5916647344923192,1.2146631961880485,2.7591922280659156,5.5794960863806455,5.160134515732031,2.548122139082761,0.7908465464280449
-0.5807807664190157,-0.5740392249918306,-0.5605561421374604,-0.5335899764287201,-0.4796576450112394,-0.37179298217627804,-0.15606365650635537,0.27539499483349,0.264167746547118,0.46603327520959353,0.8424544977389969,1.1881555037935099,0.8205429380424288,-0.5443807049773716,-0.8892852303909653,-0.10042850452881939,0.5259437654069666,1.4896378008369686,1.9303599846957726,1.4892357475393043,1.848476598687505,2.581547432738839,4.67962762654741,3.263735225022057,4.122077021375675,4.362611460236587,4.491651480720222,5.498790383968733,3.8092315413731552,3.8669573335716483,5.47148660431991,6.9217059934067935,8.440749930778503,8.355704408562227,7.038321987039353,3.831746726373595,0.6967105362330789,0.2196385668960716,3.716531137307388,6.883962363216678,5.535869648517305,3.900201115725856,2.8461107281013645
-1.5451483109778301,-1.5369168089809804,-1.5189638444176161,-1.478588033581894,-1.384426766783467,-1.1558752978056668,-0.5780855537072279,0.9395543529181662,0.9685993749320518,0.00040585294514161596,1.1260697896009284,1.4523773409092304,0.8994475298276712,-1.7411916021586846,-1.4003060589956309,0.26767009174021733,-0.12230910013659159,0.00947377202213057,2.8679485519460552,2.9042407873568488,1.6546017465707972,0.780122935599595,2.2526523279495323,0.5522592946076006,2.541450437151965,3.4249673779702574,2.7271714200405053,3.231359806053887,2.3950682628136826,2.773980721556565,4.482644980196311,7.096108841581163,8.71666538971483,7.769935822220673,4.919181577959389,2.1858330360638063,1.4344964569745537,1.4419848925250887,2.9123165918015057,5.618247324071002,4.926504759579566,2.7434545103810897,2.0876711772334415
